  0.3488E+03  0.3491E+03  0.3495E+03  0.3498E+03  0.3503E+03  0.3508E+03
  0.3514E+03  0.3519E+03  0.3524E+03  0.3522E+03  0.3529E+03  0.3537E+03
  0.3542E+03  0.3547E+03  0.3551E+03  0.3554E+03  0.3558E+03  0.3561E+03
  0.3564E+03  0.3567E+03  0.3570E+03  0.3573E+03  0.3576E+03  0.3579E+03
  0.3583E+03  0.3586E+03  0.3590E+03  0.3593E+03  0.3597E+03  0.3600E+03
  0.3071E+00  0.3597E+03  0.3589E+03  0.3580E+03  0.3569E+03  0.3555E+03
  0.3537E+03  0.3523E+03  0.3524E+03  0.3526E+03  0.3527E+03
  0.3499E+03  0.3503E+03  0.3507E+03  0.3511E+03  0.3516E+03  0.3522E+03
  0.3529E+03  0.3533E+03  0.3537E+03  0.3545E+03  0.3549E+03  0.3553E+03
  0.3556E+03  0.3559E+03  0.3562E+03  0.3565E+03  0.3568E+03  0.3571E+03
  0.3574E+03  0.3577E+03  0.3580E+03  0.3583E+03  0.3586E+03  0.3589E+03
  0.3592E+03  0.3595E+03  0.3598E+03  0.1493E+00  0.4701E+00  0.7835E+00
  0.1091E+01  0.1128E+01  0.9827E+00  0.6963E+00  0.2842E+00  0.3597E+03
  0.3591E+03  0.3583E+03  0.3578E+03  0.3574E+03  0.3570E+03
  0.3512E+03  0.3517E+03  0.3521E+03  0.3527E+03  0.3532E+03  0.3538E+03
  0.3544E+03  0.3547E+03  0.3553E+03  0.3558E+03  0.3562E+03  0.3566E+03
  0.3568E+03  0.3571E+03  0.3574E+03  0.3576E+03  0.3579E+03  0.3581E+03
  0.3584E+03  0.3587E+03  0.3590E+03  0.3592E+03  0.3595E+03  0.3598E+03
  0.3160E-01  0.3115E+00  0.6120E+00  0.9250E+00  0.1242E+01  0.1559E+01
  0.1874E+01  0.2137E+01  0.2281E+01  0.2288E+01  0.2168E+01  0.1936E+01
  0.1604E+01  0.1186E+01  0.7300E+00  0.2950E+00  0.3599E+03
  0.3528E+03  0.3533E+03  0.3539E+03  0.3545E+03  0.3551E+03  0.3557E+03
  0.3562E+03  0.3564E+03  0.3567E+03  0.3570E+03  0.3574E+03  0.3577E+03
  0.3579E+03  0.3582E+03  0.3584E+03  0.3587E+03  0.3589E+03  0.3592E+03
  0.3594E+03  0.3597E+03  0.3599E+03  0.1963E+00  0.4516E+00  0.6971E+00
  0.9326E+00  0.1172E+01  0.1431E+01  0.1716E+01  0.2022E+01  0.2339E+01
  0.2658E+01  0.2975E+01  0.3239E+01  0.3404E+01  0.3451E+01  0.3385E+01
  0.3217E+01  0.2955E+01  0.2615E+01  0.2240E+01  0.1873E+01
  0.3547E+03  0.3553E+03  0.3561E+03  0.3567E+03  0.3572E+03  0.3576E+03
  0.3579E+03  0.3580E+03  0.3581E+03  0.3582E+03  0.3585E+03  0.3588E+03
  0.3590E+03  0.3592E+03  0.3595E+03  0.3597E+03  0.3600E+03  0.2272E+00
  0.4682E+00  0.7089E+00  0.9530E+00  0.1199E+01  0.1441E+01  0.1674E+01
  0.1895E+01  0.2107E+01  0.2328E+01  0.2572E+01  0.2844E+01  0.3138E+01
  0.3443E+01  0.3755E+01  0.4053E+01  0.4297E+01  0.4453E+01  0.4504E+01
  0.4454E+01  0.4309E+01  0.4081E+01  0.3914E+01  0.3993E+01
  0.3571E+03  0.3578E+03  0.3585E+03  0.3590E+03  0.3592E+03  0.3593E+03
  0.3594E+03  0.3594E+03  0.3594E+03  0.3594E+03  0.3596E+03  0.3598E+03
  0.5678E-01  0.3031E+00  0.5539E+00  0.8146E+00  0.1079E+01  0.1338E+01
  0.1587E+01  0.1828E+01  0.2064E+01  0.2295E+01  0.2520E+01  0.2736E+01
  0.2940E+01  0.3130E+01  0.3316E+01  0.3512E+01  0.3731E+01  0.3976E+01
  0.4241E+01  0.4524E+01  0.4814E+01  0.5088E+01  0.5308E+01  0.5446E+01
  0.5496E+01  0.5453E+01  0.5335E+01  0.5003E+01  0.5178E+01
  0.3104E+00  0.6696E+00  0.9554E+00  0.1001E+01  0.8965E+00  0.8616E+00
  0.8078E+00  0.7868E+00  0.7753E+00  0.7564E+00  0.8197E+00  0.1004E+01
  0.1253E+01  0.1511E+01  0.1767E+01  0.2025E+01  0.2288E+01  0.2551E+01
  0.2804E+01  0.3044E+01  0.3269E+01  0.3480E+01  0.3679E+01  0.3867E+01
  0.4045E+01  0.4210E+01  0.4364E+01  0.4517E+01  0.4680E+01  0.4866E+01
  0.5080E+01  0.5322E+01  0.5590E+01  0.5866E+01  0.6113E+01  0.6319E+01
  0.6473E+01  0.6543E+01  0.6566E+01  0.5803E+01  0.5917E+01
  0.3386E+01  0.3113E+01  0.2834E+01  0.2537E+01  0.2312E+01  0.2207E+01
  0.2186E+01  0.2212E+01  0.2261E+01  0.2305E+01  0.2367E+01  0.2496E+01
  0.2693E+01  0.2924E+01  0.3162E+01  0.3399E+01  0.3638E+01  0.3877E+01
  0.4112E+01  0.4332E+01  0.4532E+01  0.4712E+01  0.4877E+01  0.5030E+01
  0.5176E+01  0.5315E+01  0.5445E+01  0.5568E+01  0.5694E+01  0.5835E+01
  0.6005E+01  0.6209E+01  0.6451E+01  0.6707E+01  0.6973E+01  0.7277E+01
  0.7580E+01  0.8039E+01  0.9470E+01  0.9209E+01  0.8225E+01
  0.4719E+01  0.4467E+01  0.4223E+01  0.3966E+01  0.3775E+01  0.3707E+01
  0.3776E+01  0.3885E+01  0.4005E+01  0.4105E+01  0.4181E+01  0.4264E+01
  0.4385E+01  0.4545E+01  0.4725E+01  0.4911E+01  0.5098E+01  0.5287E+01
  0.5475E+01  0.5653E+01  0.5815E+01  0.5961E+01  0.6094E+01  0.6219E+01
  0.6341E+01  0.6461E+01  0.6577E+01  0.6688E+01  0.6798E+01  0.6917E+01
  0.7057E+01  0.7229E+01  0.7439E+01  0.7671E+01  0.8260E+01  0.8792E+01
  0.1012E+02  0.1745E+02  0.1457E+02  0.1547E+02  0.1368E+02
  0.6232E+01  0.6026E+01  0.5819E+01  0.5632E+01  0.5495E+01  0.5563E+01
  0.5674E+01  0.5838E+01  0.5996E+01  0.6111E+01  0.6175E+01  0.6208E+01
  0.6245E+01  0.6309E+01  0.6400E+01  0.6509E+01  0.6627E+01  0.6750E+01
  0.6876E+01  0.7002E+01  0.7124E+01  0.7239E+01  0.7349E+01  0.7457E+01
  0.7565E+01  0.7673E+01  0.7780E+01  0.7884E+01  0.7986E+01  0.8089E+01
  0.8201E+01  0.8332E+01  0.8494E+01  0.8961E+01  0.1410E+02  0.1598E+02
  0.5441E+02 -0.9990E+03 -0.9990E+03 -0.9990E+03 -0.9990E+03
  0.7964E+01  0.7807E+01  0.7501E+01  0.7651E+01  0.7699E+01  0.7767E+01
  0.7890E+01  0.8033E+01  0.8152E+01  0.8219E+01  0.8229E+01  0.8199E+01
  0.8158E+01  0.8129E+01  0.8127E+01  0.8150E+01  0.8191E+01  0.8244E+01
  0.8304E+01  0.8372E+01  0.8447E+01  0.8528E+01  0.8612E+01  0.8699E+01
  0.8786E+01  0.8873E+01  0.8960E+01  0.9044E+01  0.9123E+01  0.9195E+01
  0.9266E+01  0.9343E+01  0.9667E+01  0.1512E+02 -0.9990E+03 -0.9990E+03
 -0.9990E+03 -0.9990E+03 -0.9990E+03 -0.9990E+03 -0.9990E+03
  0.9969E+01  0.9900E+01  0.9898E+01  0.1004E+02  0.1015E+02  0.1023E+02
  0.1028E+02  0.1031E+02  0.1031E+02  0.1027E+02  0.1020E+02  0.1010E+02
  0.9986E+01  0.9879E+01  0.9791E+01  0.9728E+01  0.9686E+01  0.9659E+01
  0.9644E+01  0.9643E+01  0.9657E+01  0.9684E+01  0.9722E+01  0.9766E+01
  0.9813E+01  0.9861E+01  0.9909E+01  0.9954E+01  0.9993E+01  0.1002E+02
  0.1005E+02  0.1075E+02  0.1090E+02 -0.9990E+03 -0.9990E+03 -0.9990E+03
 -0.9990E+03 -0.9990E+03 -0.9990E+03 -0.9990E+03 -0.9990E+03
  0.1230E+02  0.1232E+02  0.1241E+02  0.1257E+02  0.1265E+02  0.1262E+02
  0.1250E+02  0.1235E+02  0.1218E+02  0.1201E+02  0.1184E+02  0.1167E+02
  0.1150E+02  0.1132E+02  0.1116E+02  0.1101E+02  0.1089E+02  0.1078E+02
  0.1069E+02  0.1061E+02  0.1056E+02  0.1053E+02  0.1051E+02  0.1050E+02
  0.1049E+02  0.1050E+02  0.1050E+02  0.1051E+02  0.1051E+02  0.1051E+02
  0.1051E+02  0.1004E+02  0.1056E+02  0.3454E+03 -0.9990E+03 -0.9990E+03
 -0.9990E+03 -0.9990E+03 -0.9990E+03 -0.9990E+03 -0.9990E+03
  0.1505E+02  0.1493E+02  0.1480E+02  0.1470E+02  0.1455E+02  0.1432E+02
  0.1403E+02  0.1373E+02  0.1343E+02  0.1317E+02  0.1293E+02  0.1270E+02
  0.1248E+02  0.1227E+02  0.1206E+02  0.1186E+02  0.1167E+02  0.1151E+02
  0.1137E+02  0.1125E+02  0.1114E+02  0.1106E+02  0.1100E+02  0.1094E+02
  0.1090E+02  0.1087E+02  0.1084E+02  0.1083E+02  0.1085E+02  0.1101E+02
  0.1111E+02  0.1064E+02  0.1066E+02  0.8900E+01  0.3500E+03 -0.9990E+03
 -0.9990E+03 -0.9990E+03 -0.9990E+03 -0.9990E+03 -0.9990E+03
  0.1637E+02  0.1622E+02  0.1604E+02  0.1581E+02  0.1553E+02  0.1522E+02
  0.1487E+02  0.1452E+02  0.1420E+02  0.1390E+02  0.1363E+02  0.1339E+02
  0.1315E+02  0.1292E+02  0.1270E+02  0.1248E+02  0.1227E+02  0.1207E+02
  0.1190E+02  0.1175E+02  0.1161E+02  0.1150E+02  0.1140E+02  0.1131E+02
  0.1124E+02  0.1118E+02  0.1166E+02  0.1225E+02  0.1221E+02  0.1192E+02
  0.1171E+02  0.1124E+02  0.1115E+02  0.1110E+02  0.2312E+02 -0.9990E+03
 -0.9990E+03 -0.9990E+03 -0.9990E+03 -0.9990E+03 -0.9990E+03
  0.1688E+02  0.1679E+02  0.1673E+02  0.1658E+02  0.1634E+02  0.1603E+02
  0.1570E+02  0.1537E+02  0.1505E+02  0.1475E+02  0.1447E+02  0.1420E+02
  0.1395E+02  0.1370E+02  0.1345E+02  0.1321E+02  0.1297E+02  0.1275E+02
  0.1254E+02  0.1235E+02  0.1218E+02  0.1203E+02  0.1189E+02  0.1177E+02
  0.1167E+02  0.1158E+02  0.1158E+02  0.1244E+02  0.1288E+02  0.1280E+02
  0.1285E+02  0.1219E+02  0.1177E+02  0.1250E+02 -0.9990E+03 -0.9990E+03
 -0.9990E+03 -0.9990E+03 -0.9990E+03 -0.9990E+03 -0.9990E+03
  0.1749E+02  0.1739E+02  0.1740E+02  0.1736E+02  0.1722E+02  0.1699E+02
  0.1673E+02  0.1645E+02  0.1616E+02  0.1588E+02  0.1560E+02  0.1531E+02
  0.1503E+02  0.1475E+02  0.1448E+02  0.1420E+02  0.1393E+02  0.1367E+02
  0.1343E+02  0.1319E+02  0.1298E+02  0.1278E+02  0.1260E+02  0.1244E+02
  0.1230E+02  0.1204E+02  0.1149E+02  0.1210E+02  0.1285E+02  0.1315E+02
  0.1350E+02  0.1332E+02  0.1381E+02  0.1595E+02 -0.9990E+03 -0.9990E+03
 -0.9990E+03 -0.9990E+03 -0.9990E+03 -0.9990E+03 -0.9990E+03
  0.1823E+02  0.1807E+02  0.1809E+02  0.1813E+02  0.1812E+02  0.1803E+02
  0.1790E+02  0.1772E+02  0.1750E+02  0.1725E+02  0.1698E+02  0.1669E+02
  0.1640E+02  0.1609E+02  0.1578E+02  0.1548E+02  0.1518E+02  0.1488E+02
  0.1459E+02  0.1431E+02  0.1405E+02  0.1380E+02  0.1358E+02  0.1337E+02
  0.1318E+02  0.1294E+02  0.1257E+02  0.1266E+02  0.1217E+02  0.1280E+02
  0.1384E+02  0.1462E+02  0.1433E+02 -0.9990E+03 -0.9990E+03 -0.9990E+03
 -0.9990E+03 -0.9990E+03 -0.9990E+03 -0.9990E+03 -0.9990E+03
  0.1914E+02  0.1890E+02  0.1888E+02  0.1899E+02  0.1913E+02  0.1922E+02
  0.1925E+02  0.1919E+02  0.1906E+02  0.1886E+02  0.1862E+02  0.1834E+02
  0.1802E+02  0.1769E+02  0.1735E+02  0.1702E+02  0.1669E+02  0.1635E+02
  0.1602E+02  0.1571E+02  0.1541E+02  0.1513E+02  0.1486E+02  0.1461E+02
  0.1436E+02  0.1410E+02  0.1374E+02  0.1348E+02  0.1242E+02  0.1298E+02
  0.1415E+02  0.1588E+02  0.3000E+02 -0.9990E+03 -0.9990E+03 -0.9990E+03
 -0.9990E+03 -0.9990E+03 -0.9990E+03 -0.9990E+03 -0.9990E+03
  0.2031E+02  0.1997E+02  0.1993E+02  0.2013E+02  0.2044E+02  0.2073E+02
  0.2092E+02  0.2099E+02  0.2095E+02  0.2083E+02  0.2061E+02  0.2033E+02
  0.1998E+02  0.1963E+02  0.1927E+02  0.1890E+02  0.1853E+02  0.1820E+02
  0.1785E+02  0.1749E+02  0.1716E+02  0.1683E+02  0.1649E+02  0.1616E+02
  0.1583E+02  0.1553E+02  0.1521E+02  0.1555E+02  0.1457E+02  0.1429E+02
  0.1537E+02  0.1840E+02 -0.9990E+03 -0.9990E+03 -0.9990E+03 -0.9990E+03
 -0.9990E+03 -0.9990E+03 -0.9990E+03 -0.9990E+03 -0.9990E+03
  0.2185E+02  0.2150E+02  0.2153E+02  0.2189E+02  0.2238E+02  0.2280E+02
  0.2312E+02  0.2332E+02  0.2445E+02  0.3253E+02  0.2532E+02  0.2284E+02
  0.2271E+02  0.2335E+02  0.2477E+02  0.2659E+02  0.2656E+02  0.2760E+02
  0.7205E+02  0.5234E+02  0.4011E+02  0.3409E+02  0.2798E+02  0.2424E+02
  0.2239E+02  0.2149E+02  0.2023E+02  0.1905E+02  0.1839E+02  0.1817E+02
  0.2241E+02 -0.9990E+03 -0.9990E+03 -0.9990E+03 -0.9990E+03 -0.9990E+03
 -0.9990E+03 -0.9990E+03 -0.9990E+03 -0.9990E+03 -0.9990E+03
  0.2246E+02  0.2261E+02  0.2289E+02  0.2349E+02  0.2421E+02  0.2486E+02
  0.2545E+02  0.2586E+02  0.2747E+02  0.3817E+02  0.2936E+02  0.2748E+02
  0.2952E+02  0.2964E+02  0.3240E+02  0.3480E+02  0.3797E+02 -0.9990E+03
 -0.9990E+03 -0.9990E+03  0.1020E+03  0.6602E+02  0.6927E+02  0.5671E+02
  0.3999E+02  0.3485E+02  0.3091E+02  0.3034E+02  0.3199E+02  0.3394E+02
 -0.9990E+03 -0.9990E+03 -0.9990E+03 -0.9990E+03 -0.9990E+03 -0.9990E+03
 -0.9990E+03 -0.9990E+03 -0.9990E+03 -0.9990E+03 -0.9990E+03
  0.2330E+02  0.2392E+02  0.2445E+02  0.2519E+02  0.2609E+02  0.2787E+02
  0.2872E+02  0.2876E+02  0.2928E+02  0.4190E+02  0.3782E+02  0.3851E+02
 -0.9990E+03 -0.9990E+03 -0.9990E+03 -0.9990E+03 -0.9990E+03 -0.9990E+03
 -0.9990E+03 -0.9990E+03 -0.9990E+03 -0.9990E+03 -0.9990E+03 -0.9990E+03
 -0.9990E+03 -0.9990E+03 -0.9990E+03 -0.9990E+03 -0.9990E+03 -0.9990E+03
 -0.9990E+03 -0.9990E+03 -0.9990E+03 -0.9990E+03 -0.9990E+03 -0.9990E+03
 -0.9990E+03 -0.9990E+03 -0.9990E+03 -0.9990E+03 -0.9990E+03
  0.2450E+02  0.2467E+02  0.3160E+02  0.3359E+02  0.3497E+02  0.3851E+02
  0.3379E+02  0.3512E+02  0.4590E+02  0.7293E+02 -0.9990E+03 -0.9990E+03
 -0.9990E+03 -0.9990E+03 -0.9990E+03 -0.9990E+03 -0.9990E+03 -0.9990E+03
 -0.9990E+03 -0.9990E+03 -0.9990E+03 -0.9990E+03 -0.9990E+03 -0.9990E+03
 -0.9990E+03 -0.9990E+03 -0.9990E+03 -0.9990E+03 -0.9990E+03 -0.9990E+03
 -0.9990E+03 -0.9990E+03 -0.9990E+03 -0.9990E+03 -0.9990E+03 -0.9990E+03
 -0.9990E+03 -0.9990E+03 -0.9990E+03 -0.9990E+03 -0.9990E+03
  0.2700E+02  0.2856E+02  0.3509E+02  0.4323E+02  0.5203E+02 -0.9990E+03
 -0.9990E+03 -0.9990E+03 -0.9990E+03 -0.9990E+03 -0.9990E+03 -0.9990E+03
 -0.9990E+03 -0.9990E+03 -0.9990E+03 -0.9990E+03 -0.9990E+03 -0.9990E+03
 -0.9990E+03 -0.9990E+03 -0.9990E+03 -0.9990E+03 -0.9990E+03 -0.9990E+03
 -0.9990E+03 -0.9990E+03 -0.9990E+03 -0.9990E+03 -0.9990E+03 -0.9990E+03
 -0.9990E+03 -0.9990E+03 -0.9990E+03 -0.9990E+03 -0.9990E+03 -0.9990E+03
 -0.9990E+03 -0.9990E+03 -0.9990E+03 -0.9990E+03 -0.9990E+03
  0.3853E+02  0.3423E+02  0.2057E+02  0.4697E+02 -0.9990E+03 -0.9990E+03
 -0.9990E+03 -0.9990E+03 -0.9990E+03 -0.9990E+03 -0.9990E+03 -0.9990E+03
 -0.9990E+03 -0.9990E+03 -0.9990E+03 -0.9990E+03 -0.9990E+03 -0.9990E+03
 -0.9990E+03 -0.9990E+03 -0.9990E+03 -0.9990E+03 -0.9990E+03 -0.9990E+03
 -0.9990E+03 -0.9990E+03 -0.9990E+03 -0.9990E+03 -0.9990E+03 -0.9990E+03
 -0.9990E+03 -0.9990E+03 -0.9990E+03 -0.9990E+03 -0.9990E+03 -0.9990E+03
 -0.9990E+03 -0.9990E+03 -0.9990E+03 -0.9990E+03 -0.9990E+03
  0.4260E+02  0.8153E+02 -0.9990E+03 -0.9990E+03 -0.9990E+03 -0.9990E+03
 -0.9990E+03 -0.9990E+03 -0.9990E+03 -0.9990E+03 -0.9990E+03 -0.9990E+03
 -0.9990E+03 -0.9990E+03 -0.9990E+03 -0.9990E+03 -0.9990E+03 -0.9990E+03
 -0.9990E+03 -0.9990E+03 -0.9990E+03 -0.9990E+03 -0.9990E+03 -0.9990E+03
 -0.9990E+03 -0.9990E+03 -0.9990E+03 -0.9990E+03 -0.9990E+03 -0.9990E+03
 -0.9990E+03 -0.9990E+03 -0.9990E+03 -0.9990E+03 -0.9990E+03 -0.9990E+03
 -0.9990E+03 -0.9990E+03 -0.9990E+03 -0.9990E+03 -0.9990E+03
 -0.9990E+03 -0.9990E+03 -0.9990E+03 -0.9990E+03 -0.9990E+03 -0.9990E+03
 -0.9990E+03 -0.9990E+03 -0.9990E+03 -0.9990E+03 -0.9990E+03 -0.9990E+03
 -0.9990E+03 -0.9990E+03 -0.9990E+03 -0.9990E+03 -0.9990E+03 -0.9990E+03
 -0.9990E+03 -0.9990E+03 -0.9990E+03 -0.9990E+03 -0.9990E+03 -0.9990E+03
 -0.9990E+03 -0.9990E+03 -0.9990E+03 -0.9990E+03 -0.9990E+03 -0.9990E+03
 -0.9990E+03 -0.9990E+03 -0.9990E+03 -0.9990E+03 -0.9990E+03 -0.9990E+03
 -0.9990E+03 -0.9990E+03 -0.9990E+03 -0.9990E+03 -0.9990E+03
 -0.9990E+03 -0.9990E+03 -0.9990E+03 -0.9990E+03 -0.9990E+03 -0.9990E+03
 -0.9990E+03 -0.9990E+03 -0.9990E+03 -0.9990E+03 -0.9990E+03 -0.9990E+03
 -0.9990E+03 -0.9990E+03 -0.9990E+03 -0.9990E+03 -0.9990E+03 -0.9990E+03
 -0.9990E+03 -0.9990E+03 -0.9990E+03 -0.9990E+03 -0.9990E+03 -0.9990E+03
 -0.9990E+03 -0.9990E+03 -0.9990E+03 -0.9990E+03 -0.9990E+03 -0.9990E+03
 -0.9990E+03 -0.9990E+03 -0.9990E+03 -0.9990E+03 -0.9990E+03 -0.9990E+03
 -0.9990E+03 -0.9990E+03 -0.9990E+03 -0.9990E+03 -0.9990E+03
 -0.9990E+03 -0.9990E+03 -0.9990E+03 -0.9990E+03 -0.9990E+03 -0.9990E+03
 -0.9990E+03 -0.9990E+03 -0.9990E+03 -0.9990E+03 -0.9990E+03 -0.9990E+03
 -0.9990E+03 -0.9990E+03 -0.9990E+03 -0.9990E+03 -0.9990E+03 -0.9990E+03
 -0.9990E+03 -0.9990E+03 -0.9990E+03 -0.9990E+03 -0.9990E+03 -0.9990E+03
 -0.9990E+03 -0.9990E+03 -0.9990E+03 -0.9990E+03 -0.9990E+03 -0.9990E+03
 -0.9990E+03 -0.9990E+03 -0.9990E+03 -0.9990E+03 -0.9990E+03 -0.9990E+03
 -0.9990E+03 -0.9990E+03 -0.9990E+03 -0.9990E+03 -0.9990E+03
 -0.9990E+03 -0.9990E+03 -0.9990E+03 -0.9990E+03 -0.9990E+03 -0.9990E+03
 -0.9990E+03 -0.9990E+03 -0.9990E+03 -0.9990E+03 -0.9990E+03 -0.9990E+03
 -0.9990E+03 -0.9990E+03 -0.9990E+03 -0.9990E+03 -0.9990E+03 -0.9990E+03
 -0.9990E+03 -0.9990E+03 -0.9990E+03 -0.9990E+03 -0.9990E+03 -0.9990E+03
 -0.9990E+03 -0.9990E+03 -0.9990E+03 -0.9990E+03 -0.9990E+03 -0.9990E+03
 -0.9990E+03 -0.9990E+03 -0.9990E+03 -0.9990E+03 -0.9990E+03 -0.9990E+03
 -0.9990E+03 -0.9990E+03 -0.9990E+03 -0.9990E+03 -0.9990E+03
