  0.3515E+03  0.3519E+03  0.3523E+03  0.3530E+03  0.3539E+03  0.3548E+03
  0.3558E+03  0.3567E+03  0.3577E+03  0.3587E+03  0.3596E+03  0.4695E+00
  0.1145E+01  0.1697E+01  0.2427E+01  0.3207E+01  0.3906E+01  0.4511E+01
  0.5019E+01  0.5420E+01  0.5702E+01  0.5836E+01  0.5870E+01  0.5795E+01
  0.5614E+01  0.5348E+01  0.5024E+01  0.4640E+01  0.4199E+01  0.3771E+01
  0.3376E+01  0.3021E+01  0.2718E+01  0.2464E+01  0.2279E+01  0.2151E+01
  0.2076E+01  0.2027E+01  0.1980E+01  0.1898E+01  0.1921E+01
  0.3523E+03  0.3529E+03  0.3544E+03  0.3559E+03  0.3573E+03  0.3585E+03
  0.3596E+03  0.1091E+02  0.1165E+02  0.1109E+02  0.1059E+02  0.1021E+02
  0.9894E+01  0.9615E+01  0.9391E+01  0.9222E+01  0.9018E+01  0.8760E+01
  0.8467E+01  0.8083E+01  0.7612E+01  0.7040E+01  0.6409E+01  0.5760E+01
  0.5128E+01  0.4540E+01  0.4014E+01  0.3550E+01  0.3138E+01  0.2787E+01
  0.2502E+01  0.2281E+01  0.2121E+01  0.2015E+01  0.1959E+01  0.1942E+01
  0.1939E+01  0.2547E+01  0.2937E+01  0.1884E+01  0.2744E+01
  0.3532E+03  0.3547E+03  0.1234E+02  0.1326E+02  0.1243E+02  0.1162E+02
  0.2231E+02 -0.9990E+03  0.1271E+03  0.1774E+02  0.1596E+02  0.1430E+02
  0.1294E+02  0.1182E+02  0.1082E+02  0.9893E+01  0.8981E+01  0.8061E+01
  0.7148E+01  0.6269E+01  0.5453E+01  0.4715E+01  0.4063E+01  0.3501E+01
  0.3032E+01  0.2652E+01  0.2356E+01  0.2136E+01  0.1983E+01  0.1884E+01
  0.1830E+01  0.1814E+01  0.1831E+01  0.1875E+01  0.1939E+01  0.2002E+01
  0.2017E+01  0.2499E+01  0.3789E+01  0.5057E+01  0.6701E+01
  0.3542E+03  0.1296E+02 -0.9990E+03 -0.9990E+03 -0.9990E+03 -0.9990E+03
 -0.9990E+03 -0.9990E+03  0.1116E+03  0.2013E+02  0.2301E+02  0.2087E+02
  0.1762E+02  0.1450E+02  0.1164E+02  0.9192E+01  0.7164E+01  0.5533E+01
  0.4248E+01  0.3259E+01  0.2520E+01  0.1988E+01  0.1615E+01  0.1362E+01
  0.1199E+01  0.1106E+01  0.1068E+01  0.1088E+01  0.1157E+01  0.1256E+01
  0.1369E+01  0.1486E+01  0.1599E+01  0.1700E+01  0.1773E+01  0.1830E+01
  0.1649E+01  0.2396E+01  0.6235E+01  0.1525E+02  0.4086E+02
 -0.9990E+03 -0.9990E+03 -0.9990E+03 -0.9990E+03 -0.9990E+03 -0.9990E+03
 -0.9990E+03  0.2381E+03  0.3353E+03  0.3474E+03  0.6334E-02  0.2252E+01
  0.1782E+01  0.8880E+00  0.1334E+00  0.3596E+03  0.3592E+03  0.3589E+03
  0.3587E+03  0.3586E+03  0.3586E+03  0.3587E+03  0.3589E+03  0.3590E+03
  0.3592E+03  0.3594E+03  0.3596E+03  0.3598E+03  0.3599E+03  0.1064E+00
  0.2567E+00  0.3889E+00  0.4925E+00  0.5579E+00  0.5626E+00  0.1975E+00
  0.1865E+01  0.5793E+01  0.1793E+02 -0.9990E+03 -0.9990E+03
 -0.9990E+03 -0.9990E+03 -0.9990E+03 -0.9990E+03 -0.9990E+03 -0.9990E+03
  0.2138E+03  0.3406E+03  0.3386E+03  0.3398E+03  0.3427E+03  0.3455E+03
  0.3476E+03  0.3491E+03  0.3502E+03  0.3513E+03  0.3524E+03  0.3533E+03
  0.3542E+03  0.3550E+03  0.3557E+03  0.3563E+03  0.3568E+03  0.3572E+03
  0.3575E+03  0.3578E+03  0.3581E+03  0.3583E+03  0.3585E+03  0.3586E+03
  0.3588E+03  0.3589E+03  0.3590E+03  0.3591E+03  0.3590E+03  0.1334E-01
  0.1656E+02  0.3490E+02 -0.9990E+03 -0.9990E+03 -0.9990E+03
 -0.9990E+03 -0.9990E+03 -0.9990E+03 -0.9990E+03 -0.9990E+03 -0.9990E+03
  0.1347E+03  0.3444E+03  0.3444E+03  0.3449E+03  0.3457E+03  0.3468E+03
  0.3480E+03  0.3492E+03  0.3503E+03  0.3512E+03  0.3519E+03  0.3526E+03
  0.3532E+03  0.3538E+03  0.3544E+03  0.3550E+03  0.3555E+03  0.3560E+03
  0.3564E+03  0.3568E+03  0.3572E+03  0.3575E+03  0.3577E+03  0.3579E+03
  0.3581E+03  0.3582E+03  0.3583E+03  0.3582E+03  0.3593E+03  0.2172E+02
 -0.9990E+03 -0.9990E+03 -0.9990E+03 -0.9990E+03 -0.9990E+03
 -0.9990E+03 -0.9990E+03 -0.9990E+03 -0.9990E+03  0.2535E+03  0.3472E+03
  0.3477E+03  0.3483E+03  0.3488E+03  0.3493E+03  0.3497E+03  0.3501E+03
  0.3506E+03  0.3512E+03  0.3518E+03  0.3523E+03  0.3528E+03  0.3532E+03
  0.3536E+03  0.3539E+03  0.3544E+03  0.3547E+03  0.3551E+03  0.3554E+03
  0.3558E+03  0.3562E+03  0.3566E+03  0.3570E+03  0.3573E+03  0.3576E+03
  0.3578E+03  0.3580E+03  0.3588E+03  0.3597E+03  0.2629E+02 -0.9990E+03
 -0.9990E+03 -0.9990E+03 -0.9990E+03 -0.9990E+03 -0.9990E+03
  0.3581E+03  0.3496E+03  0.3500E+03  0.3504E+03  0.3506E+03  0.3509E+03
  0.3510E+03  0.3512E+03  0.3513E+03  0.3515E+03  0.3516E+03  0.3517E+03
  0.3519E+03  0.3521E+03  0.3525E+03  0.3528E+03  0.3532E+03  0.3535E+03
  0.3539E+03  0.3542E+03  0.3545E+03  0.3548E+03  0.3551E+03  0.3553E+03
  0.3556E+03  0.3559E+03  0.3563E+03  0.3566E+03  0.3570E+03  0.3573E+03
  0.3576E+03  0.3595E+03  0.3339E+02  0.4087E+02 -0.9990E+03 -0.9990E+03
 -0.9990E+03 -0.9990E+03 -0.9990E+03 -0.9990E+03 -0.9990E+03
  0.3592E+03  0.3579E+03  0.3571E+03  0.3564E+03  0.3557E+03  0.3551E+03
  0.3546E+03  0.3542E+03  0.3540E+03  0.3538E+03  0.3537E+03  0.3536E+03
  0.3535E+03  0.3536E+03  0.3537E+03  0.3538E+03  0.3541E+03  0.3543E+03
  0.3546E+03  0.3548E+03  0.3551E+03  0.3553E+03  0.3556E+03  0.3558E+03
  0.3560E+03  0.3561E+03  0.3564E+03  0.3566E+03  0.3569E+03  0.3572E+03
  0.3578E+03  0.3822E+02 -0.9990E+03 -0.9990E+03 -0.9990E+03 -0.9990E+03
 -0.9990E+03 -0.9990E+03 -0.9990E+03 -0.9990E+03 -0.9990E+03
  0.3515E+00  0.3600E+03  0.3596E+03  0.3591E+03  0.3586E+03  0.3580E+03
  0.3576E+03  0.3572E+03  0.3569E+03  0.3566E+03  0.3564E+03  0.3562E+03
  0.3561E+03  0.3561E+03  0.3560E+03  0.3561E+03  0.3561E+03  0.3563E+03
  0.3564E+03  0.3565E+03  0.3567E+03  0.3568E+03  0.3570E+03  0.3572E+03
  0.3573E+03  0.3574E+03  0.3574E+03  0.3575E+03  0.3579E+03  0.3577E+03
  0.2254E+02 -0.9990E+03 -0.9990E+03 -0.9990E+03 -0.9990E+03 -0.9990E+03
 -0.9990E+03 -0.9990E+03 -0.9990E+03 -0.9990E+03 -0.9990E+03
  0.9243E+00  0.8962E+00  0.8365E+00  0.6396E+00  0.3296E+00  0.3600E+03
  0.3596E+03  0.3592E+03  0.3590E+03  0.3587E+03  0.3585E+03  0.3584E+03
  0.3583E+03  0.3582E+03  0.3582E+03  0.3582E+03  0.3582E+03  0.3582E+03
  0.3583E+03  0.3584E+03  0.3586E+03  0.3587E+03  0.3588E+03  0.3589E+03
  0.3590E+03  0.3591E+03  0.3591E+03  0.3595E+03  0.1021E+02  0.2087E+02
 -0.9990E+03 -0.9990E+03 -0.9990E+03 -0.9990E+03 -0.9990E+03 -0.9990E+03
 -0.9990E+03 -0.9990E+03 -0.9990E+03 -0.9990E+03 -0.9990E+03
  0.1564E+01  0.1681E+01  0.1788E+01  0.1796E+01  0.1684E+01  0.1478E+01
  0.1221E+01  0.9553E+00  0.7088E+00  0.4923E+00  0.3061E+00  0.1449E+00
  0.9204E-02  0.3599E+03  0.3598E+03  0.3598E+03  0.3597E+03  0.3598E+03
  0.3598E+03  0.3599E+03  0.3600E+03  0.1047E+00  0.1951E+00  0.3048E+00
  0.6844E+00  0.1045E+01  0.1397E+01  0.8636E+01 -0.9990E+03 -0.9990E+03
 -0.9990E+03 -0.9990E+03 -0.9990E+03 -0.9990E+03 -0.9990E+03 -0.9990E+03
 -0.9990E+03 -0.9990E+03 -0.9990E+03 -0.9990E+03 -0.9990E+03
  0.2289E+01  0.2482E+01  0.2679E+01  0.2826E+01  0.2878E+01  0.2828E+01
  0.2695E+01  0.2516E+01  0.2322E+01  0.2136E+01  0.1962E+01  0.1848E+01
  0.1837E+01  0.1750E+01  0.1471E+01  0.1209E+01  0.1059E+01  0.9980E+00
  0.9935E+00  0.1105E+01  0.1181E+01  0.1153E+01  0.1321E+01  0.1627E+01
  0.6708E+01  0.7150E+01  0.4676E+02 -0.9990E+03 -0.9990E+03 -0.9990E+03
 -0.9990E+03 -0.9990E+03 -0.9990E+03 -0.9990E+03 -0.9990E+03 -0.9990E+03
 -0.9990E+03 -0.9990E+03 -0.9990E+03 -0.9990E+03 -0.9990E+03
  0.3118E+01  0.3360E+01  0.3615E+01  0.3851E+01  0.4022E+01  0.4095E+01
  0.4066E+01  0.3957E+01  0.3801E+01  0.3729E+01  0.3887E+01  0.3532E+01
  0.3315E+01  0.3269E+01  0.3121E+01  0.2809E+01  0.2521E+01  0.2296E+01
  0.2204E+01  0.2293E+01  0.2476E+01  0.2697E+01  0.1087E+02  0.4233E+02
 -0.9990E+03 -0.9990E+03 -0.9990E+03 -0.9990E+03 -0.9990E+03 -0.9990E+03
 -0.9990E+03 -0.9990E+03 -0.9990E+03 -0.9990E+03 -0.9990E+03 -0.9990E+03
 -0.9990E+03 -0.9990E+03 -0.9990E+03 -0.9990E+03 -0.9990E+03
  0.4080E+01  0.4351E+01  0.4640E+01  0.4914E+01  0.5133E+01  0.5269E+01
  0.5309E+01  0.5247E+01  0.5113E+01  0.4809E+01  0.4977E+01  0.5124E+01
  0.5009E+01  0.4849E+01  0.4750E+01  0.4561E+01  0.4266E+01  0.3930E+01
  0.3697E+01  0.3889E+01  0.4513E+01  0.9412E+01 -0.9990E+03 -0.9990E+03
 -0.9990E+03 -0.9990E+03 -0.9990E+03 -0.9990E+03 -0.9990E+03 -0.9990E+03
 -0.9990E+03 -0.9990E+03 -0.9990E+03 -0.9990E+03 -0.9990E+03 -0.9990E+03
 -0.9990E+03 -0.9990E+03 -0.9990E+03 -0.9990E+03 -0.9990E+03
  0.5201E+01  0.5445E+01  0.5699E+01  0.5933E+01  0.6116E+01  0.6258E+01
  0.6349E+01  0.6339E+01  0.6283E+01  0.5536E+01  0.5625E+01  0.6570E+01
  0.7336E+01  0.7334E+01  0.7076E+01  0.6786E+01  0.6499E+01  0.6174E+01
  0.5938E+01  0.1003E+02  0.4043E+02 -0.9990E+03 -0.9990E+03 -0.9990E+03
 -0.9990E+03 -0.9990E+03 -0.9990E+03 -0.9990E+03 -0.9990E+03 -0.9990E+03
 -0.9990E+03 -0.9990E+03 -0.9990E+03 -0.9990E+03 -0.9990E+03 -0.9990E+03
 -0.9990E+03 -0.9990E+03 -0.9990E+03 -0.9990E+03 -0.9990E+03
  0.6287E+01  0.6425E+01  0.6572E+01  0.6728E+01  0.6879E+01  0.7081E+01
  0.7285E+01  0.7694E+01  0.8988E+01  0.8707E+01  0.7885E+01  0.8255E+01
  0.9476E+01  0.1036E+02  0.1043E+02  0.1022E+02  0.9912E+01  0.9300E+01
  0.8998E+01 -0.9990E+03 -0.9990E+03 -0.9990E+03 -0.9990E+03 -0.9990E+03
 -0.9990E+03 -0.9990E+03 -0.9990E+03 -0.9990E+03 -0.9990E+03 -0.9990E+03
 -0.9990E+03 -0.9990E+03 -0.9990E+03 -0.9990E+03 -0.9990E+03 -0.9990E+03
 -0.9990E+03 -0.9990E+03 -0.9990E+03 -0.9990E+03 -0.9990E+03
  0.7005E+01  0.7086E+01  0.7190E+01  0.7329E+01  0.7934E+01  0.8443E+01
  0.9649E+01  0.1730E+02  0.1432E+02  0.1507E+02  0.1335E+02  0.1175E+02
  0.1176E+02  0.1274E+02  0.1339E+02  0.1326E+02  0.1319E+02  0.1336E+02
 -0.9990E+03 -0.9990E+03 -0.9990E+03 -0.9990E+03 -0.9990E+03 -0.9990E+03
 -0.9990E+03 -0.9990E+03 -0.9990E+03 -0.9990E+03 -0.9990E+03 -0.9990E+03
 -0.9990E+03 -0.9990E+03 -0.9990E+03 -0.9990E+03 -0.9990E+03 -0.9990E+03
 -0.9990E+03 -0.9990E+03 -0.9990E+03 -0.9990E+03 -0.9990E+03
  0.7791E+01  0.7852E+01  0.7948E+01  0.8096E+01  0.1441E+02  0.1625E+02
  0.5446E+02 -0.9990E+03 -0.9990E+03 -0.9990E+03  0.1012E+03  0.2411E+02
  0.1912E+02  0.1856E+02  0.1959E+02  0.2028E+02  0.2160E+02 -0.9990E+03
 -0.9990E+03 -0.9990E+03 -0.9990E+03 -0.9990E+03 -0.9990E+03 -0.9990E+03
 -0.9990E+03 -0.9990E+03 -0.9990E+03 -0.9990E+03 -0.9990E+03 -0.9990E+03
 -0.9990E+03 -0.9990E+03 -0.9990E+03 -0.9990E+03 -0.9990E+03 -0.9990E+03
 -0.9990E+03 -0.9990E+03 -0.9990E+03 -0.9990E+03 -0.9990E+03
  0.8644E+01  0.8811E+01  0.9201E+01  0.1245E+02 -0.9990E+03 -0.9990E+03
 -0.9990E+03 -0.9990E+03 -0.9990E+03 -0.9990E+03 -0.9990E+03  0.3884E+02
 -0.9990E+03  0.1090E+02  0.1699E+02 -0.9990E+03 -0.9990E+03 -0.9990E+03
 -0.9990E+03 -0.9990E+03 -0.9990E+03 -0.9990E+03 -0.9990E+03 -0.9990E+03
 -0.9990E+03 -0.9990E+03 -0.9990E+03 -0.9990E+03 -0.9990E+03 -0.9990E+03
 -0.9990E+03 -0.9990E+03 -0.9990E+03 -0.9990E+03 -0.9990E+03 -0.9990E+03
 -0.9990E+03 -0.9990E+03 -0.9990E+03 -0.9990E+03 -0.9990E+03
