  0.3215E+03  0.3216E+03  0.3217E+03  0.3217E+03  0.3218E+03  0.3220E+03
  0.3221E+03  0.3221E+03  0.3221E+03  0.3224E+03  0.3231E+03  0.3245E+03
  0.3264E+03  0.3286E+03  0.3310E+03  0.3334E+03  0.3354E+03  0.3370E+03
  0.3384E+03  0.3399E+03  0.3414E+03  0.3433E+03  0.3452E+03  0.3473E+03
  0.3494E+03  0.3516E+03  0.3536E+03  0.3556E+03  0.3574E+03  0.3591E+03
  0.5622E+00  0.1854E+01  0.2990E+01  0.3960E+01  0.4863E+01  0.5684E+01
  0.6416E+01  0.7073E+01  0.7678E+01  0.8241E+01  0.8768E+01  0.9020E+01
  0.9244E+01  0.9441E+01  0.9618E+01  0.9775E+01  0.9914E+01  0.9983E+01
  0.9927E+01  0.9854E+01  0.9766E+01  0.9668E+01  0.9461E+01  0.9311E+01
  0.9230E+01  0.9166E+01  0.9091E+01  0.9005E+01  0.8904E+01  0.8790E+01
  0.8658E+01
  0.3216E+03  0.3217E+03  0.3217E+03  0.3218E+03  0.3219E+03  0.3221E+03
  0.3222E+03  0.3222E+03  0.3224E+03  0.3230E+03  0.3243E+03  0.3262E+03
  0.3285E+03  0.3311E+03  0.3336E+03  0.3358E+03  0.3376E+03  0.3391E+03
  0.3407E+03  0.3426E+03  0.3446E+03  0.3470E+03  0.3494E+03  0.3519E+03
  0.3543E+03  0.3565E+03  0.3589E+03  0.7507E+00  0.2332E+01  0.3677E+01
  0.4806E+01  0.5741E+01  0.6517E+01  0.7163E+01  0.7783E+01  0.8381E+01
  0.8949E+01  0.9497E+01  0.1004E+02  0.1057E+02  0.1111E+02  0.1145E+02
  0.1173E+02  0.1198E+02  0.1222E+02  0.1244E+02  0.1265E+02  0.1280E+02
  0.1285E+02  0.1285E+02  0.1282E+02  0.1278E+02  0.1282E+02  0.1270E+02
  0.1259E+02  0.1250E+02  0.1241E+02  0.1230E+02  0.1217E+02  0.1203E+02
  0.1186E+02
  0.3216E+03  0.3217E+03  0.3218E+03  0.3219E+03  0.3221E+03  0.3223E+03
  0.3223E+03  0.3224E+03  0.3229E+03  0.3240E+03  0.3259E+03  0.3284E+03
  0.3312E+03  0.3339E+03  0.3363E+03  0.3382E+03  0.3399E+03  0.3418E+03
  0.3439E+03  0.3464E+03  0.3492E+03  0.3523E+03  0.3552E+03  0.3579E+03
  0.3862E+00  0.2534E+01  0.4460E+01  0.5971E+01  0.7154E+01  0.8077E+01
  0.8810E+01  0.9407E+01  0.9917E+01  0.1038E+02  0.1089E+02  0.1147E+02
  0.1208E+02  0.1271E+02  0.1334E+02  0.1398E+02  0.1462E+02  0.1508E+02
  0.1544E+02  0.1574E+02  0.1601E+02  0.1624E+02  0.1646E+02  0.1662E+02
  0.1669E+02  0.1667E+02  0.1660E+02  0.1650E+02  0.1642E+02  0.1628E+02
  0.1610E+02  0.1591E+02  0.1570E+02  0.1548E+02  0.1524E+02  0.1498E+02
  0.1470E+02
  0.3217E+03  0.3218E+03  0.3220E+03  0.3221E+03  0.3223E+03  0.3225E+03
  0.3225E+03  0.3229E+03  0.3239E+03  0.3257E+03  0.3282E+03  0.3312E+03
  0.3341E+03  0.3368E+03  0.3390E+03  0.3409E+03  0.3430E+03  0.3459E+03
  0.3493E+03  0.3532E+03  0.3570E+03  0.6044E+00  0.3512E+01  0.5721E+01
  0.7577E+01  0.8985E+01  0.1022E+02  0.1130E+02  0.1214E+02  0.1276E+02
  0.1323E+02  0.1364E+02  0.1405E+02  0.1449E+02  0.1501E+02  0.1563E+02
  0.1630E+02  0.1697E+02  0.1762E+02  0.1824E+02  0.1882E+02  0.1924E+02
  0.1951E+02  0.1970E+02  0.1983E+02  0.1992E+02  0.1998E+02  0.2001E+02
  0.1995E+02  0.1981E+02  0.1960E+02  0.1934E+02  0.1908E+02  0.1880E+02
  0.1850E+02  0.1819E+02  0.1785E+02  0.1750E+02  0.1713E+02  0.1675E+02
  0.1636E+02
  0.3218E+03  0.3220E+03  0.3221E+03  0.3223E+03  0.3225E+03  0.3227E+03
  0.3229E+03  0.3237E+03  0.3255E+03  0.3280E+03  0.3312E+03  0.3344E+03
  0.3374E+03  0.3398E+03  0.3420E+03  0.3449E+03  0.3494E+03  0.3553E+03
  0.1348E+01  0.6226E+01  0.9727E+01  0.1236E+02  0.1394E+02  0.1503E+02
  0.1600E+02  0.1639E+02  0.1667E+02  0.1692E+02  0.1715E+02  0.1738E+02
  0.1762E+02  0.1790E+02  0.1822E+02  0.1856E+02  0.1897E+02  0.1944E+02
  0.1995E+02  0.2044E+02  0.2090E+02  0.2131E+02  0.2169E+02  0.2192E+02
  0.2201E+02  0.2202E+02  0.2198E+02  0.2191E+02  0.2181E+02  0.2169E+02
  0.2154E+02  0.2131E+02  0.2101E+02  0.2067E+02  0.2031E+02  0.1994E+02
  0.1957E+02  0.1919E+02  0.1880E+02  0.1839E+02  0.1796E+02  0.1751E+02
  0.1703E+02
  0.3219E+03  0.3221E+03  0.3223E+03  0.3225E+03  0.3229E+03  0.3230E+03
  0.3236E+03  0.3252E+03  0.3279E+03  0.3312E+03  0.3347E+03  0.3380E+03
  0.3409E+03  0.3438E+03  0.3469E+03  0.2449E+02  0.2349E+02  0.2384E+02
  0.2405E+02  0.2398E+02  0.2387E+02  0.2377E+02  0.2304E+02  0.2265E+02
  0.2241E+02  0.2142E+02  0.2019E+02  0.1945E+02  0.1921E+02  0.1932E+02
  0.1960E+02  0.1993E+02  0.2023E+02  0.2050E+02  0.2076E+02  0.2106E+02
  0.2139E+02  0.2172E+02  0.2202E+02  0.2231E+02  0.2256E+02  0.2270E+02
  0.2274E+02  0.2270E+02  0.2261E+02  0.2249E+02  0.2235E+02  0.2220E+02
  0.2203E+02  0.2181E+02  0.2153E+02  0.2119E+02  0.2081E+02  0.2042E+02
  0.2003E+02  0.1964E+02  0.1923E+02  0.1879E+02  0.1831E+02  0.1781E+02
  0.1730E+02
  0.3221E+03  0.3223E+03  0.3225E+03  0.3229E+03  0.3233E+03  0.3236E+03
  0.3250E+03  0.3277E+03  0.3315E+03  0.3351E+03  0.3387E+03  0.3419E+03
  0.3450E+03  0.3050E+02  0.2967E+02 -0.9990E+03  0.9764E+02  0.5399E+02
  0.4457E+02  0.3976E+02  0.3710E+02  0.3509E+02  0.3059E+02  0.2750E+02
  0.2617E+02  0.2311E+02  0.2081E+02  0.2037E+02  0.2030E+02  0.2055E+02
  0.2095E+02  0.2131E+02  0.2159E+02  0.2177E+02  0.2191E+02  0.2207E+02
  0.2225E+02  0.2244E+02  0.2265E+02  0.2284E+02  0.2303E+02  0.2313E+02
  0.2314E+02  0.2309E+02  0.2299E+02  0.2285E+02  0.2269E+02  0.2253E+02
  0.2237E+02  0.2217E+02  0.2191E+02  0.2158E+02  0.2122E+02  0.2081E+02
  0.2038E+02  0.1995E+02  0.1949E+02  0.1901E+02  0.1851E+02  0.1800E+02
  0.1749E+02
  0.3222E+03  0.3225E+03  0.3229E+03  0.3236E+03  0.3239E+03  0.3249E+03
  0.3276E+03  0.3316E+03  0.3359E+03  0.3394E+03  0.3428E+03  0.3463E+03
  0.3520E+03 -0.9990E+03 -0.9990E+03 -0.9990E+03 -0.9990E+03 -0.9990E+03
 -0.9990E+03  0.1193E+03  0.6295E+02  0.5425E+02  0.4869E+02  0.3857E+02
  0.3054E+02  0.2432E+02  0.2678E+02  0.2624E+02  0.2603E+02  0.2526E+02
  0.2495E+02  0.2494E+02  0.2486E+02  0.2476E+02  0.2462E+02  0.2451E+02
  0.2444E+02  0.2442E+02  0.2443E+02  0.2447E+02  0.2452E+02  0.2451E+02
  0.2441E+02  0.2427E+02  0.2407E+02  0.2385E+02  0.2361E+02  0.2338E+02
  0.2317E+02  0.2293E+02  0.2263E+02  0.2225E+02  0.2181E+02  0.2132E+02
  0.2080E+02  0.2028E+02  0.1977E+02  0.1927E+02  0.1878E+02  0.1830E+02
  0.1782E+02
  0.3223E+03  0.3227E+03  0.3235E+03  0.3246E+03  0.3248E+03  0.3276E+03
  0.3317E+03  0.3363E+03  0.3410E+03  0.3441E+03  0.3478E+03  0.3548E+03
  0.4491E+02 -0.9990E+03 -0.9990E+03 -0.9990E+03 -0.9990E+03 -0.9990E+03
 -0.9990E+03 -0.9990E+03 -0.9990E+03 -0.9990E+03  0.1016E+03  0.3005E+02
  0.2033E+02  0.2414E+02  0.3952E+02 -0.9990E+03  0.3868E+02  0.5098E+02
  0.4522E+02  0.4030E+02  0.4097E+02  0.3702E+02  0.3733E+02  0.3116E+02
  0.2863E+02  0.2812E+02  0.2799E+02  0.2785E+02  0.2770E+02  0.2749E+02
  0.2722E+02  0.2690E+02  0.2650E+02  0.2609E+02  0.2570E+02  0.2534E+02
  0.2498E+02  0.2457E+02  0.2407E+02  0.2349E+02  0.2286E+02  0.2219E+02
  0.2154E+02  0.2094E+02  0.2039E+02  0.1987E+02  0.1937E+02  0.1887E+02
  0.1835E+02
  0.3225E+03  0.3231E+03  0.3252E+03  0.3263E+03  0.3271E+03  0.3324E+03
  0.3372E+03  0.3419E+03  0.3488E+03  0.3497E+03  0.3587E+03  0.2977E+02
 -0.9990E+03 -0.9990E+03 -0.9990E+03 -0.9990E+03 -0.9990E+03 -0.9990E+03
 -0.9990E+03 -0.9990E+03 -0.9990E+03  0.2323E+03  0.3426E+03  0.3531E+03
  0.3575E+03  0.5605E+02 -0.9990E+03 -0.9990E+03 -0.9990E+03 -0.9990E+03
 -0.9990E+03 -0.9990E+03 -0.9990E+03  0.1053E+03  0.6546E+02  0.4942E+02
  0.4456E+02  0.4177E+02  0.4237E+02  0.3442E+02  0.3230E+02  0.3180E+02
  0.3139E+02  0.3089E+02  0.3013E+02  0.2949E+02  0.2895E+02  0.2834E+02
  0.2763E+02  0.2684E+02  0.2603E+02  0.2520E+02  0.2438E+02  0.2357E+02
  0.2280E+02  0.2204E+02  0.2130E+02  0.2053E+02  0.1971E+02  0.1885E+02
  0.1790E+02
  0.3226E+03  0.3238E+03  0.3310E+03  0.3291E+03  0.3318E+03  0.2593E+02
  0.2563E+02  0.2535E+02  0.2795E+02  0.3456E+03 -0.9990E+03 -0.9990E+03
 -0.9990E+03 -0.9990E+03 -0.9990E+03 -0.9990E+03 -0.9990E+03 -0.9990E+03
 -0.9990E+03  0.2475E+03  0.3368E+03  0.3373E+03  0.3395E+03  0.3425E+03
  0.3529E+03 -0.9990E+03 -0.9990E+03 -0.9990E+03 -0.9990E+03 -0.9990E+03
 -0.9990E+03 -0.9990E+03 -0.9990E+03 -0.9990E+03 -0.9990E+03 -0.9990E+03
 -0.9990E+03 -0.9990E+03  0.1043E+03  0.6868E+02  0.5231E+02  0.5054E+02
  0.5064E+02  0.5064E+02  0.7238E+02  0.5548E+02  0.4754E+02  0.3258E+02
  0.2956E+02  0.2823E+02  0.2700E+02  0.2577E+02  0.2456E+02  0.2337E+02
  0.2221E+02  0.2100E+02  0.1977E+02  0.1855E+02  0.1813E+02  0.2263E+02
  0.1555E+02
  0.3228E+03  0.3252E+03  0.3392E+03  0.3388E+03  0.2529E+02 -0.9990E+03
 -0.9990E+03 -0.9990E+03  0.2234E+03  0.3233E+03  0.3214E+03  0.3208E+03
  0.3210E+03  0.3237E+03  0.3213E+03  0.3019E+03  0.3125E+03  0.3028E+03
 -0.9990E+03  0.1499E+03  0.3404E+03  0.3414E+03  0.3426E+03  0.3440E+03
  0.7010E+02 -0.9990E+03 -0.9990E+03 -0.9990E+03 -0.9990E+03 -0.9990E+03
 -0.9990E+03 -0.9990E+03 -0.9990E+03  0.2186E+03  0.3475E+03  0.3454E+03
 -0.9990E+03 -0.9990E+03 -0.9990E+03  0.1295E+03  0.6233E+02  0.5544E+02
  0.5320E+02  0.5071E+02  0.5891E+02  0.4460E+02  0.3448E+02  0.2441E+02
  0.2096E+02  0.2122E+02  0.2133E+02  0.2083E+02  0.2002E+02  0.1909E+02
  0.1812E+02  0.1698E+02  0.1600E+02  0.1521E+02  0.1577E+02  0.2234E+02
  0.1532E+02
  0.3231E+03  0.3258E+03  0.3251E+03  0.3372E+03 -0.9990E+03 -0.9990E+03
  0.2422E+03  0.3149E+03  0.3210E+03  0.3256E+03  0.3277E+03  0.3286E+03
  0.3294E+03  0.3318E+03  0.3347E+03  0.3370E+03  0.3390E+03  0.3406E+03
  0.3416E+03  0.3429E+03  0.3441E+03  0.3451E+03  0.3460E+03  0.3468E+03
 -0.9990E+03 -0.9990E+03 -0.9990E+03 -0.9990E+03 -0.9990E+03 -0.9990E+03
 -0.9990E+03  0.2049E+03  0.3492E+03  0.3495E+03  0.3499E+03  0.3503E+03
  0.3493E+03 -0.9990E+03  0.3511E+03  0.9345E+01  0.1979E+02  0.2427E+02
  0.2911E+02  0.3102E+02  0.4058E+02  0.2723E+02  0.1828E+02  0.1364E+02
  0.9885E+01  0.1104E+02  0.1320E+02  0.1456E+02  0.1509E+02  0.1504E+02
  0.1469E+02  0.1560E+02  0.1621E+02  0.1641E+02  0.1698E+02  0.2664E+02
  0.4130E+02
  0.3233E+03  0.3236E+03  0.3243E+03  0.3428E+03  0.3325E+03  0.3230E+03
  0.3234E+03  0.3251E+03  0.3273E+03  0.3302E+03  0.3320E+03  0.3340E+03
  0.3362E+03  0.3382E+03  0.3398E+03  0.3412E+03  0.3425E+03  0.3437E+03
  0.3447E+03  0.3456E+03  0.3464E+03  0.3472E+03  0.3480E+03  0.3488E+03
  0.3436E+03  0.3447E+03  0.3472E+03  0.3489E+03  0.3500E+03  0.3506E+03
  0.3510E+03  0.3514E+03  0.3517E+03  0.3520E+03  0.3523E+03  0.3526E+03
  0.3530E+03  0.3533E+03  0.3539E+03  0.3554E+03  0.1229E+01  0.6678E+01
  0.1552E+02  0.2158E+02  0.3290E+02  0.2292E+02  0.1271E+02  0.9844E+01
  0.6744E+01  0.6814E+01  0.8950E+01  0.1012E+02  0.1458E+02  0.1568E+02
  0.1697E+02  0.4970E+02  0.4050E+02  0.4206E+02  0.5290E+02  0.7312E+02
 -0.9990E+03
  0.3237E+03  0.3240E+03  0.3253E+03  0.3356E+03  0.3329E+03  0.3295E+03
  0.3284E+03  0.3292E+03  0.3308E+03  0.3335E+03  0.3357E+03  0.3379E+03
  0.3400E+03  0.3416E+03  0.3429E+03  0.3442E+03  0.3453E+03  0.3463E+03
  0.3472E+03  0.3479E+03  0.3485E+03  0.3492E+03  0.3498E+03  0.3505E+03
  0.3506E+03  0.3509E+03  0.3513E+03  0.3516E+03  0.3520E+03  0.3523E+03
  0.3526E+03  0.3529E+03  0.3531E+03  0.3533E+03  0.3536E+03  0.3538E+03
  0.3541E+03  0.3545E+03  0.3552E+03  0.3564E+03  0.2585E+01  0.7668E+01
  0.1727E+02  0.2513E+02  0.3642E+02  0.2756E+02  0.1494E+02  0.1100E+02
  0.7711E+01  0.5257E+01  0.8494E+01  0.9106E+01  0.1653E+02  0.2556E+02
  0.6346E+02 -0.9990E+03 -0.9990E+03 -0.9990E+03 -0.9990E+03 -0.9990E+03
 -0.9990E+03
  0.3240E+03  0.3246E+03  0.3260E+03  0.3321E+03  0.3335E+03  0.3343E+03
  0.3339E+03  0.3343E+03  0.3358E+03  0.3386E+03  0.3409E+03  0.3431E+03
  0.3449E+03  0.3463E+03  0.3475E+03  0.3486E+03  0.3494E+03  0.3501E+03
  0.3507E+03  0.3513E+03  0.3518E+03  0.3523E+03  0.3527E+03  0.3532E+03
  0.3532E+03  0.3534E+03  0.3536E+03  0.3538E+03  0.3541E+03  0.3543E+03
  0.3544E+03  0.3546E+03  0.3547E+03  0.3549E+03  0.3550E+03  0.3552E+03
  0.3554E+03  0.3558E+03  0.3564E+03  0.3579E+03  0.3829E+01  0.8854E+01
  0.1974E+02  0.2917E+02  0.4047E+02  0.3321E+02  0.1927E+02  0.1024E+02
  0.1210E+02  0.8053E+01  0.1215E+02  0.1139E+02  0.2456E+02  0.5170E+02
 -0.9990E+03 -0.9990E+03 -0.9990E+03 -0.9990E+03 -0.9990E+03 -0.9990E+03
 -0.9990E+03
  0.3244E+03  0.3252E+03  0.3270E+03  0.3313E+03  0.3342E+03  0.3376E+03
  0.3392E+03  0.3407E+03  0.3428E+03  0.3457E+03  0.3476E+03  0.3491E+03
  0.3503E+03  0.3513E+03  0.3522E+03  0.3528E+03  0.3534E+03  0.3540E+03
  0.3545E+03  0.3550E+03  0.3554E+03  0.3559E+03  0.3561E+03  0.3566E+03
  0.3567E+03  0.3567E+03  0.3568E+03  0.3569E+03  0.3570E+03  0.3570E+03
  0.3571E+03  0.3572E+03  0.3572E+03  0.3572E+03  0.3573E+03  0.3574E+03
  0.3576E+03  0.3579E+03  0.3584E+03  0.2531E+00  0.5638E+01  0.1073E+02
  0.2208E+02  0.3185E+02  0.4055E+02  0.3420E+02  0.2431E+02  0.1455E+02
  0.1847E+02  0.1332E+02  0.1749E+02  0.7995E+02 -0.9990E+03 -0.9990E+03
 -0.9990E+03 -0.9990E+03 -0.9990E+03 -0.9990E+03 -0.9990E+03 -0.9990E+03
 -0.9990E+03
  0.3249E+03  0.3261E+03  0.3285E+03  0.3321E+03  0.3357E+03  0.3416E+03
  0.3459E+03  0.3489E+03  0.3515E+03  0.3540E+03  0.3550E+03  0.3555E+03
  0.3560E+03  0.3564E+03  0.3567E+03  0.3571E+03  0.3574E+03  0.3577E+03
  0.3580E+03  0.3583E+03  0.3585E+03  0.3589E+03  0.3590E+03  0.3593E+03
  0.3595E+03  0.3594E+03  0.3595E+03  0.3595E+03  0.3596E+03  0.3596E+03
  0.3597E+03  0.3597E+03  0.3597E+03  0.3598E+03  0.3598E+03  0.3600E+03
  0.1457E+00  0.4494E+00  0.9748E+00  0.3064E+01  0.7084E+01  0.1151E+02
  0.2127E+02  0.2926E+02  0.3724E+02  0.3659E+02  0.3158E+02  0.1966E+02
  0.2188E+02  0.1906E+02  0.4224E+02 -0.9990E+03 -0.9990E+03 -0.9990E+03
 -0.9990E+03 -0.9990E+03 -0.9990E+03 -0.9990E+03 -0.9990E+03 -0.9990E+03
 -0.9990E+03
  0.3254E+03  0.3271E+03  0.3302E+03  0.3341E+03  0.3384E+03  0.3471E+03
  0.3544E+03  0.3591E+03  0.1869E+01  0.3419E+01  0.3237E+01  0.2692E+01
  0.2227E+01  0.1961E+01  0.1772E+01  0.1661E+01  0.1591E+01  0.1561E+01
  0.1544E+01  0.1534E+01  0.1564E+01  0.1647E+01  0.1605E+01  0.1707E+01
  0.1739E+01  0.1631E+01  0.1544E+01  0.1496E+01  0.1494E+01  0.1516E+01
  0.1554E+01  0.1605E+01  0.1673E+01  0.1764E+01  0.1891E+01  0.2091E+01
  0.2365E+01  0.2727E+01  0.3470E+01  0.5565E+01  0.8732E+01  0.1248E+02
  0.1986E+02  0.2645E+02  0.3341E+02  0.3598E+02  0.3375E+02  0.2430E+02
  0.2276E+02  0.2140E+02 -0.9990E+03 -0.9990E+03 -0.9990E+03 -0.9990E+03
 -0.9990E+03 -0.9990E+03 -0.9990E+03 -0.9990E+03 -0.9990E+03 -0.9990E+03
 -0.9990E+03
  0.3262E+03  0.3286E+03  0.3329E+03  0.3377E+03  0.3434E+03  0.3555E+03
  0.5643E+01  0.1094E+02  0.1268E+02  0.1288E+02  0.1165E+02  0.1011E+02
  0.8718E+01  0.7822E+01  0.7020E+01  0.6403E+01  0.5906E+01  0.5506E+01
  0.5193E+01  0.4933E+01  0.4753E+01  0.4625E+01  0.4380E+01  0.4286E+01
  0.4181E+01  0.3944E+01  0.3718E+01  0.3530E+01  0.3402E+01  0.3324E+01
  0.3290E+01  0.3313E+01  0.3408E+01  0.3571E+01  0.3688E+01  0.3807E+01
  0.4033E+01  0.4442E+01  0.5293E+01  0.7307E+01  0.9822E+01  0.1294E+02
  0.1878E+02  0.2383E+02  0.2983E+02  0.3401E+02  0.3313E+02  0.2628E+02
  0.2262E+02  0.2179E+02 -0.9990E+03 -0.9990E+03 -0.9990E+03 -0.9990E+03
 -0.9990E+03 -0.9990E+03 -0.9990E+03 -0.9990E+03 -0.9990E+03 -0.9990E+03
 -0.9990E+03
  0.3275E+03  0.3310E+03  0.3375E+03  0.3444E+03  0.3522E+03  0.7666E+01
  0.1835E+02  0.2215E+02  0.2229E+02  0.2137E+02  0.1937E+02  0.1712E+02
  0.1495E+02  0.1338E+02  0.1206E+02  0.1091E+02  0.1000E+02  0.9274E+01
  0.8679E+01  0.8201E+01  0.7851E+01  0.7584E+01  0.7233E+01  0.7030E+01
  0.6853E+01  0.6553E+01  0.6246E+01  0.5955E+01  0.5699E+01  0.5508E+01
  0.5353E+01  0.5231E+01  0.5165E+01  0.5172E+01  0.5222E+01  0.5389E+01
  0.5611E+01  0.5908E+01  0.6736E+01  0.8615E+01  0.1067E+02  0.1326E+02
  0.1769E+02  0.2159E+02  0.2605E+02  0.3151E+02  0.3142E+02  0.2703E+02
  0.2358E+02  0.2069E+02 -0.9990E+03 -0.9990E+03 -0.9990E+03 -0.9990E+03
 -0.9990E+03 -0.9990E+03 -0.9990E+03 -0.9990E+03 -0.9990E+03 -0.9990E+03
 -0.9990E+03
  0.3298E+03  0.3357E+03  0.3466E+03  0.3572E+03  0.6221E+01  0.2118E+02
  0.2888E+02  0.3085E+02  0.2978E+02  0.2801E+02  0.2571E+02  0.2296E+02
  0.2030E+02  0.1820E+02  0.1647E+02  0.1497E+02  0.1371E+02  0.1266E+02
  0.1181E+02  0.1111E+02  0.1056E+02  0.1011E+02  0.9643E+01  0.9348E+01
  0.9114E+01  0.8787E+01  0.8461E+01  0.8150E+01  0.7850E+01  0.7594E+01
  0.7363E+01  0.7152E+01  0.6971E+01  0.6839E+01  0.6783E+01  0.6825E+01
  0.6934E+01  0.7153E+01  0.7952E+01  0.9635E+01  0.1122E+02  0.1334E+02
  0.1688E+02  0.2048E+02  0.2301E+02  0.2885E+02  0.3015E+02  0.3033E+02
 -0.9990E+03 -0.9990E+03 -0.9990E+03 -0.9990E+03 -0.9990E+03 -0.9990E+03
 -0.9990E+03 -0.9990E+03 -0.9990E+03 -0.9990E+03 -0.9990E+03 -0.9990E+03
 -0.9990E+03
  0.3351E+03  0.3466E+03  0.6241E+01  0.1755E+02  0.2129E+02  0.3039E+02
  0.3516E+02  0.3624E+02  0.3470E+02  0.3243E+02  0.3011E+02  0.2722E+02
  0.2428E+02  0.2196E+02  0.1993E+02  0.1818E+02  0.1669E+02  0.1540E+02
  0.1431E+02  0.1343E+02  0.1270E+02  0.1204E+02  0.1140E+02  0.1096E+02
  0.1063E+02  0.1024E+02  0.9869E+01  0.9542E+01  0.9231E+01  0.8962E+01
  0.8725E+01  0.8508E+01  0.8351E+01  0.8282E+01  0.8206E+01  0.8140E+01
  0.8130E+01  0.8268E+01  0.8989E+01  0.1041E+02  0.1162E+02  0.1337E+02
  0.1659E+02  0.2001E+02  0.2186E+02  0.2941E+02  0.5507E+02 -0.9990E+03
 -0.9990E+03 -0.9990E+03 -0.9990E+03 -0.9990E+03 -0.9990E+03 -0.9990E+03
 -0.9990E+03 -0.9990E+03 -0.9990E+03 -0.9990E+03 -0.9990E+03 -0.9990E+03
 -0.9990E+03
  0.3587E+03  0.1857E+02  0.3454E+02  0.3344E+02  0.2870E+02  0.3381E+02
  0.3737E+02  0.3850E+02  0.3708E+02  0.3468E+02  0.3251E+02  0.2986E+02
  0.2682E+02  0.2443E+02  0.2233E+02  0.2040E+02  0.1879E+02  0.1738E+02
  0.1611E+02  0.1507E+02  0.1424E+02  0.1347E+02  0.1270E+02  0.1212E+02
  0.1167E+02  0.1119E+02  0.1075E+02  0.1038E+02  0.1004E+02  0.9758E+01
  0.9573E+01  0.9808E+01  0.9893E+01  0.9641E+01  0.9467E+01  0.9375E+01
  0.9295E+01  0.9350E+01  0.9971E+01  0.1117E+02  0.1207E+02  0.1353E+02
  0.1652E+02  0.2035E+02  0.4506E+02 -0.9990E+03 -0.9990E+03 -0.9990E+03
 -0.9990E+03 -0.9990E+03 -0.9990E+03 -0.9990E+03 -0.9990E+03 -0.9990E+03
 -0.9990E+03 -0.9990E+03 -0.9990E+03 -0.9990E+03 -0.9990E+03 -0.9990E+03
 -0.9990E+03
  0.3214E+02  0.4138E+02  0.4415E+02  0.3628E+02  0.2963E+02  0.3342E+02
  0.3687E+02  0.3855E+02  0.3767E+02  0.3546E+02  0.3349E+02  0.3131E+02
  0.2841E+02  0.2597E+02  0.2398E+02  0.2201E+02  0.2030E+02  0.1887E+02
  0.1753E+02  0.1638E+02  0.1544E+02  0.1461E+02  0.1380E+02  0.1314E+02
  0.1259E+02  0.1206E+02  0.1163E+02  0.1133E+02  0.1162E+02  0.1161E+02
  0.1120E+02  0.1069E+02  0.1056E+02  0.1053E+02  0.1053E+02  0.1055E+02
  0.1039E+02  0.1033E+02  0.1079E+02  0.1169E+02  0.1228E+02  0.1347E+02
  0.1744E+02 -0.9990E+03 -0.9990E+03 -0.9990E+03 -0.9990E+03 -0.9990E+03
 -0.9990E+03 -0.9990E+03 -0.9990E+03 -0.9990E+03 -0.9990E+03 -0.9990E+03
 -0.9990E+03 -0.9990E+03 -0.9990E+03 -0.9990E+03 -0.9990E+03 -0.9990E+03
 -0.9990E+03
  0.3324E+02  0.4199E+02  0.4342E+02  0.3512E+02  0.2907E+02  0.3229E+02
  0.3569E+02  0.3793E+02  0.3767E+02  0.3577E+02  0.3398E+02  0.3219E+02
  0.2961E+02  0.2718E+02  0.2529E+02  0.2341E+02  0.2163E+02  0.2013E+02
  0.1883E+02  0.1762E+02  0.1656E+02  0.1564E+02  0.1480E+02  0.1526E+02
  0.1679E+02  0.1514E+02  0.1351E+02  0.1258E+02  0.1220E+02  0.1224E+02
  0.1209E+02  0.1161E+02  0.1116E+02  0.1099E+02  0.1094E+02  0.1099E+02
  0.1102E+02  0.1109E+02  0.1151E+02  0.1215E+02  0.1242E+02 -0.9990E+03
 -0.9990E+03 -0.9990E+03 -0.9990E+03 -0.9990E+03 -0.9990E+03 -0.9990E+03
 -0.9990E+03 -0.9990E+03 -0.9990E+03 -0.9990E+03 -0.9990E+03 -0.9990E+03
 -0.9990E+03 -0.9990E+03 -0.9990E+03 -0.9990E+03 -0.9990E+03 -0.9990E+03
 -0.9990E+03
  0.3421E+02  0.4314E+02  0.4434E+02  0.3608E+02  0.3078E+02  0.3435E+02
  0.3667E+02  0.3840E+02  0.3831E+02  0.3652E+02  0.3473E+02  0.3310E+02
  0.3084E+02  0.2845E+02  0.2658E+02  0.2487E+02  0.2313E+02  0.2161E+02
  0.2159E+02  0.2252E+02  0.2151E+02  0.1948E+02  0.1760E+02  0.1595E+02
  0.1758E+02  0.2558E+02  0.4526E+02  0.2842E+02  0.1937E+02  0.2070E+02
  0.5749E+02 -0.9990E+03 -0.9990E+03  0.1953E+02  0.2189E+02  0.1809E+02
  0.1669E+02  0.1984E+02  0.2733E+02 -0.9990E+03 -0.9990E+03 -0.9990E+03
 -0.9990E+03 -0.9990E+03 -0.9990E+03 -0.9990E+03 -0.9990E+03 -0.9990E+03
 -0.9990E+03 -0.9990E+03 -0.9990E+03 -0.9990E+03 -0.9990E+03 -0.9990E+03
 -0.9990E+03 -0.9990E+03 -0.9990E+03 -0.9990E+03 -0.9990E+03 -0.9990E+03
 -0.9990E+03
  0.3499E+02  0.4313E+02  0.4331E+02  0.3563E+02  0.3170E+02  0.3502E+02
  0.3928E+02  0.4187E+02  0.4120E+02  0.3873E+02  0.3686E+02  0.3562E+02
  0.3433E+02  0.3218E+02  0.2989E+02  0.2798E+02  0.2603E+02  0.2422E+02
  0.2305E+02  0.2395E+02  0.2396E+02  0.2204E+02  0.2302E+02  0.2845E+02
 -0.9990E+03 -0.9990E+03 -0.9990E+03 -0.9990E+03 -0.9990E+03 -0.9990E+03
 -0.9990E+03 -0.9990E+03 -0.9990E+03 -0.9990E+03 -0.9990E+03 -0.9990E+03
 -0.9990E+03 -0.9990E+03 -0.9990E+03 -0.9990E+03 -0.9990E+03 -0.9990E+03
 -0.9990E+03 -0.9990E+03 -0.9990E+03 -0.9990E+03 -0.9990E+03 -0.9990E+03
 -0.9990E+03 -0.9990E+03 -0.9990E+03 -0.9990E+03 -0.9990E+03 -0.9990E+03
 -0.9990E+03 -0.9990E+03 -0.9990E+03 -0.9990E+03 -0.9990E+03 -0.9990E+03
 -0.9990E+03
  0.3220E+02  0.5193E+02 -0.9990E+03 -0.9990E+03  0.9628E+02  0.7038E+02
  0.6661E+02  0.6106E+02  0.5492E+02  0.5399E+02  0.5136E+02  0.4341E+02
  0.4011E+02  0.3788E+02  0.3514E+02  0.3264E+02  0.3034E+02  0.2836E+02
  0.2645E+02  0.2626E+02  0.3731E+02 -0.9990E+03 -0.9990E+03 -0.9990E+03
 -0.9990E+03 -0.9990E+03 -0.9990E+03 -0.9990E+03 -0.9990E+03 -0.9990E+03
 -0.9990E+03 -0.9990E+03 -0.9990E+03 -0.9990E+03 -0.9990E+03 -0.9990E+03
 -0.9990E+03 -0.9990E+03 -0.9990E+03 -0.9990E+03 -0.9990E+03 -0.9990E+03
 -0.9990E+03 -0.9990E+03 -0.9990E+03 -0.9990E+03 -0.9990E+03 -0.9990E+03
 -0.9990E+03 -0.9990E+03 -0.9990E+03 -0.9990E+03 -0.9990E+03 -0.9990E+03
 -0.9990E+03 -0.9990E+03 -0.9990E+03 -0.9990E+03 -0.9990E+03 -0.9990E+03
 -0.9990E+03
 -0.9990E+03 -0.9990E+03 -0.9990E+03 -0.9990E+03 -0.9990E+03 -0.9990E+03
 -0.9990E+03 -0.9990E+03 -0.9990E+03 -0.9990E+03 -0.9990E+03 -0.9990E+03
 -0.9990E+03 -0.9990E+03 -0.9990E+03 -0.9990E+03 -0.9990E+03 -0.9990E+03
 -0.9990E+03 -0.9990E+03 -0.9990E+03 -0.9990E+03 -0.9990E+03 -0.9990E+03
 -0.9990E+03 -0.9990E+03 -0.9990E+03 -0.9990E+03 -0.9990E+03 -0.9990E+03
 -0.9990E+03 -0.9990E+03 -0.9990E+03 -0.9990E+03 -0.9990E+03 -0.9990E+03
 -0.9990E+03 -0.9990E+03 -0.9990E+03 -0.9990E+03 -0.9990E+03 -0.9990E+03
 -0.9990E+03 -0.9990E+03 -0.9990E+03 -0.9990E+03 -0.9990E+03 -0.9990E+03
 -0.9990E+03 -0.9990E+03 -0.9990E+03 -0.9990E+03 -0.9990E+03 -0.9990E+03
 -0.9990E+03 -0.9990E+03 -0.9990E+03 -0.9990E+03 -0.9990E+03 -0.9990E+03
 -0.9990E+03
 -0.9990E+03 -0.9990E+03 -0.9990E+03 -0.9990E+03 -0.9990E+03 -0.9990E+03
 -0.9990E+03 -0.9990E+03 -0.9990E+03 -0.9990E+03 -0.9990E+03 -0.9990E+03
 -0.9990E+03 -0.9990E+03 -0.9990E+03 -0.9990E+03 -0.9990E+03 -0.9990E+03
 -0.9990E+03 -0.9990E+03 -0.9990E+03 -0.9990E+03 -0.9990E+03 -0.9990E+03
 -0.9990E+03 -0.9990E+03 -0.9990E+03 -0.9990E+03 -0.9990E+03 -0.9990E+03
 -0.9990E+03 -0.9990E+03 -0.9990E+03 -0.9990E+03 -0.9990E+03 -0.9990E+03
 -0.9990E+03 -0.9990E+03 -0.9990E+03 -0.9990E+03 -0.9990E+03 -0.9990E+03
 -0.9990E+03 -0.9990E+03 -0.9990E+03 -0.9990E+03 -0.9990E+03 -0.9990E+03
 -0.9990E+03 -0.9990E+03 -0.9990E+03 -0.9990E+03 -0.9990E+03 -0.9990E+03
 -0.9990E+03 -0.9990E+03 -0.9990E+03 -0.9990E+03 -0.9990E+03 -0.9990E+03
 -0.9990E+03
