  0.1868E+01  0.1840E+01  0.1858E+01  0.1899E+01  0.1913E+01  0.1924E+01
  0.1955E+01  0.1961E+01  0.1948E+01  0.1955E+01  0.1958E+01  0.1928E+01
  0.1862E+01  0.1763E+01  0.1638E+01  0.1495E+01  0.1344E+01  0.1201E+01
  0.1080E+01  0.9826E+00  0.9049E+00  0.8395E+00  0.7826E+00  0.7318E+00
  0.6205E+00
  0.1868E+01  0.1858E+01  0.1867E+01  0.1906E+01  0.1926E+01  0.1945E+01
  0.1973E+01  0.1979E+01  0.1968E+01  0.1971E+01  0.1951E+01  0.1890E+01
  0.1788E+01  0.1655E+01  0.1502E+01  0.1342E+01  0.1191E+01  0.1064E+01
  0.9625E+00  0.8819E+00  0.8154E+00  0.7557E+00  0.7030E+00  0.6570E+00
  0.6663E-01
  0.1868E+01  0.1862E+01  0.1868E+01  0.1906E+01  0.1935E+01  0.1967E+01
  0.1994E+01  0.1999E+01  0.1987E+01  0.1974E+01  0.1919E+01  0.1817E+01
  0.1676E+01  0.1512E+01  0.1342E+01  0.1181E+01  0.1047E+01  0.9419E+00
  0.8587E+00  0.7897E+00  0.7286E+00  0.6749E+00  0.6281E+00  0.5828E+00
 -0.9000E+01
  0.1868E+01  0.1864E+01  0.1868E+01  0.1903E+01  0.1942E+01  0.1991E+01
  0.2018E+01  0.2020E+01  0.1996E+01  0.1949E+01  0.1848E+01  0.1700E+01
  0.1524E+01  0.1340E+01  0.1168E+01  0.1025E+01  0.9172E+00  0.8320E+00
  0.7612E+00  0.6990E+00  0.6447E+00  0.5973E+00  0.5560E+00  0.4944E+00
 -0.9000E+01
  0.1868E+01  0.1865E+01  0.1866E+01  0.1898E+01  0.1947E+01  0.2021E+01
  0.2046E+01  0.2034E+01  0.1980E+01  0.1883E+01  0.1727E+01  0.1535E+01
  0.1337E+01  0.1152E+01  0.9960E+00  0.8838E+00  0.7981E+00  0.7257E+00
  0.6622E+00  0.6068E+00  0.5579E+00  0.5141E+00  0.4787E+00  0.5663E+00
 -0.9000E+01
  0.1867E+01  0.1866E+01  0.1865E+01  0.1892E+01  0.1954E+01  0.2074E+01
  0.2074E+01  0.2029E+01  0.1921E+01  0.1760E+01  0.1552E+01  0.1333E+01
  0.1132E+01  0.9652E+00  0.8403E+00  0.7475E+00  0.6797E+00  0.6149E+00
  0.5539E+00  0.4987E+00  0.4510E+00  0.4131E+00  0.3837E+00 -0.9000E+01
 -0.9000E+01
  0.1867E+01  0.1866E+01  0.1865E+01  0.1885E+01  0.1962E+01  0.2124E+01
  0.2090E+01  0.1980E+01  0.1799E+01  0.1573E+01  0.1329E+01  0.1107E+01
  0.9264E+00  0.7948E+00  0.7044E+00  0.6371E+00  0.5632E+00  0.4807E+00
  0.4105E+00  0.3572E+00  0.3189E+00  0.3025E+00  0.1975E+00 -0.9000E+01
 -0.9000E+01
  0.1867E+01  0.1866E+01  0.1864E+01  0.1879E+01  0.1975E+01  0.2178E+01
  0.2066E+01  0.1860E+01  0.1599E+01  0.1327E+01  0.1077E+01  0.8798E+00
  0.7402E+00  0.6488E+00  0.5820E+00  0.5333E+00  0.2332E+00  0.2313E+00
  0.2269E+00  0.2211E+00  0.2153E+00  0.2103E+00 -0.9000E+01 -0.9000E+01
 -0.9000E+01
  0.1867E+01  0.1865E+01  0.1864E+01  0.1873E+01  0.1995E+01  0.2212E+01
  0.1960E+01  0.1645E+01  0.1321E+01  0.1040E+01  0.8188E+00  0.6712E+00
  0.5791E+00  0.5170E+00  0.4730E+00  0.4376E+00 -0.9000E+01  0.6067E-08
  0.8687E-01  0.1232E+00  0.1435E+00 -0.9000E+01 -0.9000E+01 -0.9000E+01
 -0.9000E+01
  0.1867E+01  0.1865E+01  0.1863E+01  0.1868E+01  0.2009E+01  0.2181E+01
  0.1726E+01  0.1333E+01  0.1006E+01  0.7611E+00  0.5938E+00  0.4976E+00
  0.4390E+00  0.4020E+00  0.3761E+00  0.3584E+00  0.2506E+00  0.2346E+00
  0.1874E-01  0.4606E-01 -0.9000E+01 -0.9000E+01 -0.9000E+01 -0.9000E+01
 -0.9000E+01
  0.1867E+01  0.1863E+01  0.1860E+01  0.1857E+01  0.1983E+01  0.2020E+01
  0.1330E+01  0.9507E+00  0.6613E+00  0.4899E+00  0.4040E+00  0.3558E+00
  0.3255E+00  0.3056E+00  0.2919E+00  0.2836E+00  0.2169E+00  0.1927E+00
 -0.9000E+01 -0.9000E+01 -0.9000E+01 -0.9000E+01 -0.9000E+01 -0.9000E+01
 -0.9000E+01
  0.1867E+01  0.1860E+01  0.1853E+01  0.1818E+01  0.1837E+01  0.1665E+01
  0.8010E+00  0.3039E+00  0.3021E+00  0.3099E+00  0.3123E+00  0.2914E+00
  0.2723E+00  0.2578E+00  0.2484E+00  0.2421E+00 -0.9000E+01 -0.9000E+01
 -0.9000E+01 -0.9000E+01 -0.9000E+01 -0.9000E+01 -0.9000E+01 -0.9000E+01
 -0.9000E+01
  0.1867E+01  0.1854E+01  0.1836E+01  0.1694E+01  0.1382E+01  0.1068E+01
  0.3552E+00 -0.9000E+01  0.7263E-02  0.2217E+00  0.2249E+00  0.2107E+00
  0.2155E+00  0.2196E+00  0.1877E+00  0.1852E+00 -0.9000E+01 -0.9000E+01
 -0.9000E+01 -0.9000E+01 -0.9000E+01 -0.9000E+01 -0.9000E+01 -0.9000E+01
 -0.9000E+01
  0.1867E+01  0.1843E+01  0.1796E+01  0.1348E+01  0.1053E+01  0.8341E+00
  0.6342E+00  0.4761E+00  0.3917E+00  0.3453E+00  0.1058E+00 -0.9000E+01
 -0.9000E+01 -0.9000E+01 -0.9000E+01 -0.9000E+01 -0.9000E+01 -0.9000E+01
 -0.9000E+01 -0.9000E+01 -0.9000E+01 -0.9000E+01 -0.9000E+01 -0.9000E+01
 -0.9000E+01
  0.1867E+01  0.1819E+01  0.1715E+01  0.3109E+00  0.3683E+00  0.3892E+00
  0.2784E+00  0.2306E+00  0.1979E+00  0.1825E+00 -0.9000E+01 -0.9000E+01
 -0.9000E+01 -0.9000E+01 -0.9000E+01 -0.9000E+01 -0.9000E+01 -0.9000E+01
 -0.9000E+01 -0.9000E+01 -0.9000E+01 -0.9000E+01 -0.9000E+01 -0.9000E+01
 -0.9000E+01
  0.1867E+01  0.1769E+01  0.1568E+01 -0.9000E+01 -0.9000E+01 -0.9000E+01
 -0.9000E+01 -0.9000E+01 -0.9000E+01 -0.9000E+01 -0.9000E+01 -0.9000E+01
 -0.9000E+01 -0.9000E+01 -0.9000E+01 -0.9000E+01 -0.9000E+01 -0.9000E+01
 -0.9000E+01 -0.9000E+01 -0.9000E+01 -0.9000E+01 -0.9000E+01 -0.9000E+01
 -0.9000E+01
  0.1867E+01  0.1659E+01  0.1331E+01 -0.9000E+01 -0.9000E+01 -0.9000E+01
 -0.9000E+01 -0.9000E+01 -0.9000E+01 -0.9000E+01 -0.9000E+01 -0.9000E+01
 -0.9000E+01 -0.9000E+01 -0.9000E+01 -0.9000E+01 -0.9000E+01 -0.9000E+01
 -0.9000E+01 -0.9000E+01 -0.9000E+01 -0.9000E+01 -0.9000E+01 -0.9000E+01
 -0.9000E+01
  0.1867E+01  0.1394E+01  0.1039E+01 -0.9000E+01 -0.9000E+01 -0.9000E+01
 -0.9000E+01 -0.9000E+01 -0.9000E+01 -0.9000E+01 -0.9000E+01 -0.9000E+01
 -0.9000E+01 -0.9000E+01 -0.9000E+01 -0.9000E+01 -0.9000E+01 -0.9000E+01
 -0.9000E+01 -0.9000E+01 -0.9000E+01 -0.9000E+01 -0.9000E+01 -0.9000E+01
 -0.9000E+01
  0.1867E+01  0.3142E+00  0.2988E+00 -0.9000E+01 -0.9000E+01 -0.9000E+01
 -0.9000E+01 -0.9000E+01 -0.9000E+01 -0.9000E+01 -0.9000E+01 -0.9000E+01
 -0.9000E+01 -0.9000E+01 -0.9000E+01 -0.9000E+01 -0.9000E+01 -0.9000E+01
 -0.9000E+01 -0.9000E+01 -0.9000E+01 -0.9000E+01 -0.9000E+01 -0.9000E+01
 -0.9000E+01
