  0.3213E+03  0.3197E+03  0.3188E+03  0.3167E+03  0.3160E+03  0.3159E+03
  0.3151E+03  0.3153E+03  0.3165E+03  0.3169E+03  0.3171E+03  0.3177E+03
  0.3187E+03  0.3200E+03  0.3215E+03  0.3231E+03  0.3252E+03  0.3275E+03
  0.3299E+03  0.3320E+03  0.3337E+03  0.3352E+03  0.3366E+03  0.3380E+03
  0.3392E+03
  0.3213E+03  0.3207E+03  0.3197E+03  0.3174E+03  0.3163E+03  0.3157E+03
  0.3151E+03  0.3154E+03  0.3166E+03  0.3170E+03  0.3175E+03  0.3184E+03
  0.3198E+03  0.3214E+03  0.3232E+03  0.3253E+03  0.3279E+03  0.3304E+03
  0.3326E+03  0.3345E+03  0.3360E+03  0.3375E+03  0.3390E+03  0.3404E+03
  0.5124E+01
  0.3213E+03  0.3210E+03  0.3202E+03  0.3180E+03  0.3164E+03  0.3153E+03
  0.3149E+03  0.3155E+03  0.3167E+03  0.3173E+03  0.3181E+03  0.3195E+03
  0.3212E+03  0.3233E+03  0.3256E+03  0.3284E+03  0.3311E+03  0.3335E+03
  0.3354E+03  0.3371E+03  0.3388E+03  0.3404E+03  0.3419E+03  0.3436E+03
 -0.9990E+03
  0.3213E+03  0.3211E+03  0.3206E+03  0.3185E+03  0.3164E+03  0.3147E+03
  0.3146E+03  0.3155E+03  0.3169E+03  0.3177E+03  0.3191E+03  0.3209E+03
  0.3232E+03  0.3258E+03  0.3288E+03  0.3319E+03  0.3345E+03  0.3365E+03
  0.3384E+03  0.3403E+03  0.3421E+03  0.3438E+03  0.3452E+03  0.3489E+03
 -0.9990E+03
  0.3213E+03  0.3211E+03  0.3208E+03  0.3189E+03  0.3163E+03  0.3139E+03
  0.3143E+03  0.3155E+03  0.3172E+03  0.3185E+03  0.3205E+03  0.3229E+03
  0.3259E+03  0.3293E+03  0.3329E+03  0.3355E+03  0.3375E+03  0.3397E+03
  0.3419E+03  0.3440E+03  0.3458E+03  0.3475E+03  0.3489E+03  0.9029E+01
 -0.9990E+03
  0.3213E+03  0.3212E+03  0.3210E+03  0.3194E+03  0.3163E+03  0.3124E+03
  0.3139E+03  0.3157E+03  0.3178E+03  0.3198E+03  0.3225E+03  0.3259E+03
  0.3297E+03  0.3338E+03  0.3375E+03  0.3389E+03  0.3412E+03  0.3436E+03
  0.3459E+03  0.3480E+03  0.3500E+03  0.3518E+03  0.3529E+03 -0.9990E+03
 -0.9990E+03
  0.3213E+03  0.3212E+03  0.3211E+03  0.3199E+03  0.3163E+03  0.3112E+03
  0.3137E+03  0.3162E+03  0.3190E+03  0.3218E+03  0.3256E+03  0.3300E+03
  0.3347E+03  0.3390E+03  0.3421E+03  0.3448E+03  0.3467E+03  0.3492E+03
  0.3520E+03  0.3546E+03  0.3568E+03  0.3575E+03  0.6647E+01 -0.9990E+03
 -0.9990E+03
  0.3213E+03  0.3212E+03  0.3211E+03  0.3203E+03  0.3163E+03  0.3099E+03
  0.3137E+03  0.3172E+03  0.3209E+03  0.3250E+03  0.3302E+03  0.3358E+03
  0.3408E+03  0.3443E+03  0.3471E+03  0.3494E+03  0.1076E+02  0.1083E+02
  0.1041E+02  0.9658E+01  0.8839E+01  0.8137E+01 -0.9990E+03 -0.9990E+03
 -0.9990E+03
  0.3213E+03  0.3212E+03  0.3212E+03  0.3207E+03  0.3161E+03  0.3084E+03
  0.3140E+03  0.3190E+03  0.3242E+03  0.3300E+03  0.3368E+03  0.3428E+03
  0.3470E+03  0.3502E+03  0.3526E+03  0.3546E+03 -0.9990E+03  0.1095E+03
  0.1660E+02  0.1522E+02  0.1359E+02 -0.9990E+03 -0.9990E+03 -0.9990E+03
 -0.9990E+03
  0.3213E+03  0.3212E+03  0.3212E+03  0.3210E+03  0.3156E+03  0.3064E+03
  0.3148E+03  0.3222E+03  0.3304E+03  0.3394E+03  0.3470E+03  0.3514E+03
  0.3544E+03  0.3567E+03  0.3584E+03  0.3460E+00  0.3516E+03  0.3521E+03
  0.3656E+02  0.2953E+02 -0.9990E+03 -0.9990E+03 -0.9990E+03 -0.9990E+03
 -0.9990E+03
  0.3213E+03  0.3213E+03  0.3213E+03  0.3213E+03  0.3145E+03  0.3030E+03
  0.3167E+03  0.3276E+03  0.3404E+03  0.3544E+03  0.2121E+01  0.4039E+01
  0.4133E+01  0.4336E+01  0.4914E+01  0.6051E+01  0.1069E+02  0.1090E+02
 -0.9990E+03 -0.9990E+03 -0.9990E+03 -0.9990E+03 -0.9990E+03 -0.9990E+03
 -0.9990E+03
  0.3213E+03  0.3213E+03  0.3213E+03  0.3218E+03  0.3122E+03  0.2960E+03
  0.3232E+03  0.1996E+02  0.2060E+02  0.1910E+02  0.1599E+02  0.1613E+02
  0.1458E+02  0.1290E+02  0.1181E+02  0.1218E+02 -0.9990E+03 -0.9990E+03
 -0.9990E+03 -0.9990E+03 -0.9990E+03 -0.9990E+03 -0.9990E+03 -0.9990E+03
 -0.9990E+03
  0.3213E+03  0.3213E+03  0.3215E+03  0.3227E+03  0.3088E+03  0.2790E+03
  0.3357E+03 -0.9990E+03  0.9592E+02  0.4952E+01  0.1422E+02  0.2981E+02
  0.2720E+02  0.3962E+02  0.1924E+02  0.4734E+02 -0.9990E+03 -0.9990E+03
 -0.9990E+03 -0.9990E+03 -0.9990E+03 -0.9990E+03 -0.9990E+03 -0.9990E+03
 -0.9990E+03
  0.3213E+03  0.3214E+03  0.3219E+03  0.3248E+03  0.3307E+03  0.3365E+03
  0.3350E+03  0.3328E+03  0.3363E+03  0.3451E+03  0.4974E+02 -0.9990E+03
 -0.9990E+03 -0.9990E+03 -0.9990E+03 -0.9990E+03 -0.9990E+03 -0.9990E+03
 -0.9990E+03 -0.9990E+03 -0.9990E+03 -0.9990E+03 -0.9990E+03 -0.9990E+03
 -0.9990E+03
  0.3213E+03  0.3216E+03  0.3229E+03  0.2559E+02  0.4174E+02  0.5213E+02
  0.2516E+02  0.1400E+02  0.1171E+02  0.1671E+02 -0.9990E+03 -0.9990E+03
 -0.9990E+03 -0.9990E+03 -0.9990E+03 -0.9990E+03 -0.9990E+03 -0.9990E+03
 -0.9990E+03 -0.9990E+03 -0.9990E+03 -0.9990E+03 -0.9990E+03 -0.9990E+03
 -0.9990E+03
  0.3213E+03  0.3219E+03  0.3254E+03 -0.9990E+03 -0.9990E+03 -0.9990E+03
 -0.9990E+03 -0.9990E+03 -0.9990E+03 -0.9990E+03 -0.9990E+03 -0.9990E+03
 -0.9990E+03 -0.9990E+03 -0.9990E+03 -0.9990E+03 -0.9990E+03 -0.9990E+03
 -0.9990E+03 -0.9990E+03 -0.9990E+03 -0.9990E+03 -0.9990E+03 -0.9990E+03
 -0.9990E+03
  0.3213E+03  0.3226E+03  0.3321E+03 -0.9990E+03 -0.9990E+03 -0.9990E+03
 -0.9990E+03 -0.9990E+03 -0.9990E+03 -0.9990E+03 -0.9990E+03 -0.9990E+03
 -0.9990E+03 -0.9990E+03 -0.9990E+03 -0.9990E+03 -0.9990E+03 -0.9990E+03
 -0.9990E+03 -0.9990E+03 -0.9990E+03 -0.9990E+03 -0.9990E+03 -0.9990E+03
 -0.9990E+03
  0.3213E+03  0.3242E+03  0.3395E+03 -0.9990E+03 -0.9990E+03 -0.9990E+03
 -0.9990E+03 -0.9990E+03 -0.9990E+03 -0.9990E+03 -0.9990E+03 -0.9990E+03
 -0.9990E+03 -0.9990E+03 -0.9990E+03 -0.9990E+03 -0.9990E+03 -0.9990E+03
 -0.9990E+03 -0.9990E+03 -0.9990E+03 -0.9990E+03 -0.9990E+03 -0.9990E+03
 -0.9990E+03
  0.3213E+03  0.2578E+02  0.1291E+02 -0.9990E+03 -0.9990E+03 -0.9990E+03
 -0.9990E+03 -0.9990E+03 -0.9990E+03 -0.9990E+03 -0.9990E+03 -0.9990E+03
 -0.9990E+03 -0.9990E+03 -0.9990E+03 -0.9990E+03 -0.9990E+03 -0.9990E+03
 -0.9990E+03 -0.9990E+03 -0.9990E+03 -0.9990E+03 -0.9990E+03 -0.9990E+03
 -0.9990E+03
