  0.3412E+03  0.3414E+03  0.3416E+03  0.3418E+03  0.3421E+03  0.3423E+03
  0.3426E+03  0.3429E+03  0.3431E+03  0.3434E+03  0.3436E+03  0.3438E+03
  0.3441E+03  0.3443E+03  0.3445E+03  0.3447E+03  0.3449E+03  0.3451E+03
  0.3454E+03  0.3457E+03  0.3459E+03  0.3462E+03  0.3465E+03  0.3469E+03
  0.3473E+03 -0.9990E+03 -0.9990E+03 -0.9990E+03 -0.9990E+03 -0.9990E+03
 -0.9990E+03
  0.3416E+03  0.3418E+03  0.3421E+03  0.3423E+03  0.3426E+03  0.3429E+03
  0.3431E+03  0.3434E+03  0.3437E+03  0.3439E+03  0.3441E+03  0.3444E+03
  0.3446E+03  0.3448E+03  0.3450E+03  0.3452E+03  0.3454E+03  0.3456E+03
  0.3458E+03  0.3461E+03  0.3463E+03  0.3465E+03  0.3467E+03  0.3471E+03
  0.3478E+03 -0.9990E+03 -0.9990E+03 -0.9990E+03 -0.9990E+03 -0.9990E+03
 -0.9990E+03
  0.3421E+03  0.3423E+03  0.3426E+03  0.3428E+03  0.3431E+03  0.3434E+03
  0.3437E+03  0.3439E+03  0.3442E+03  0.3444E+03  0.3446E+03  0.3449E+03
  0.3451E+03  0.3453E+03  0.3455E+03  0.3457E+03  0.3460E+03  0.3462E+03
  0.3464E+03  0.3466E+03  0.3468E+03  0.3470E+03  0.3472E+03  0.3477E+03
  0.3487E+03 -0.9990E+03 -0.9990E+03 -0.9990E+03 -0.9990E+03 -0.9990E+03
 -0.9990E+03
  0.3426E+03  0.3428E+03  0.3431E+03  0.3434E+03  0.3437E+03  0.3440E+03
  0.3442E+03  0.3445E+03  0.3447E+03  0.3449E+03  0.3452E+03  0.3454E+03
  0.3456E+03  0.3458E+03  0.3461E+03  0.3463E+03  0.3465E+03  0.3467E+03
  0.3470E+03  0.3472E+03  0.3474E+03  0.3476E+03  0.3480E+03  0.3486E+03
  0.3491E+03 -0.9990E+03 -0.9990E+03 -0.9990E+03 -0.9990E+03 -0.9990E+03
 -0.9990E+03
  0.3431E+03  0.3434E+03  0.3437E+03  0.3440E+03  0.3443E+03  0.3445E+03
  0.3448E+03  0.3450E+03  0.3452E+03  0.3455E+03  0.3457E+03  0.3459E+03
  0.3462E+03  0.3464E+03  0.3466E+03  0.3469E+03  0.3471E+03  0.3473E+03
  0.3475E+03  0.3477E+03  0.3480E+03  0.3485E+03  0.3492E+03  0.3502E+03
  0.3515E+03 -0.9990E+03 -0.9990E+03 -0.9990E+03 -0.9990E+03 -0.9990E+03
 -0.9990E+03
  0.3437E+03  0.3440E+03  0.3443E+03  0.3446E+03  0.3448E+03  0.3451E+03
  0.3453E+03  0.3455E+03  0.3458E+03  0.3460E+03  0.3463E+03  0.3465E+03
  0.3467E+03  0.3470E+03  0.3472E+03  0.3474E+03  0.3477E+03  0.3479E+03
  0.3481E+03  0.3483E+03  0.3492E+03  0.3502E+03  0.3515E+03  0.3528E+03
  0.5765E+01 -0.9990E+03 -0.9990E+03 -0.9990E+03 -0.9990E+03 -0.9990E+03
 -0.9990E+03
  0.3444E+03  0.3446E+03  0.3449E+03  0.3451E+03  0.3454E+03  0.3456E+03
  0.3459E+03  0.3461E+03  0.3464E+03  0.3466E+03  0.3469E+03  0.3471E+03
  0.3474E+03  0.3476E+03  0.3478E+03  0.3480E+03  0.3483E+03  0.3485E+03
  0.3487E+03  0.3489E+03  0.3517E+03  0.3552E+03  0.3575E+03  0.3589E+03
 -0.9990E+03 -0.9990E+03 -0.9990E+03 -0.9990E+03 -0.9990E+03 -0.9990E+03
 -0.9990E+03
  0.3450E+03  0.3452E+03  0.3454E+03  0.3457E+03  0.3459E+03  0.3462E+03
  0.3464E+03  0.3467E+03  0.3470E+03  0.3472E+03  0.3475E+03  0.3477E+03
  0.3480E+03  0.3482E+03  0.3484E+03  0.3486E+03  0.3489E+03  0.3491E+03
  0.3493E+03  0.3497E+03  0.1586E+02  0.3915E+02  0.3776E+02  0.5820E+02
 -0.9990E+03 -0.9990E+03 -0.9990E+03 -0.9990E+03 -0.9990E+03 -0.9990E+03
 -0.9990E+03
  0.3454E+03  0.3457E+03  0.3459E+03  0.3462E+03  0.3465E+03  0.3467E+03
  0.3470E+03  0.3473E+03  0.3476E+03  0.3478E+03  0.3481E+03  0.3483E+03
  0.3486E+03  0.3488E+03  0.3490E+03  0.3492E+03  0.3495E+03  0.3497E+03
  0.3499E+03  0.3511E+03 -0.9990E+03 -0.9990E+03 -0.9990E+03 -0.9990E+03
 -0.9990E+03 -0.9990E+03 -0.9990E+03 -0.9990E+03 -0.9990E+03 -0.9990E+03
 -0.9990E+03
  0.3459E+03  0.3462E+03  0.3465E+03  0.3468E+03  0.3471E+03  0.3474E+03
  0.3476E+03  0.3479E+03  0.3482E+03  0.3484E+03  0.3487E+03  0.3489E+03
  0.3491E+03  0.3494E+03  0.3496E+03  0.3499E+03  0.3501E+03  0.3504E+03
  0.3506E+03  0.3516E+03 -0.9990E+03 -0.9990E+03 -0.9990E+03 -0.9990E+03
 -0.9990E+03 -0.9990E+03 -0.9990E+03 -0.9990E+03 -0.9990E+03 -0.9990E+03
 -0.9990E+03
  0.3465E+03  0.3468E+03  0.3471E+03  0.3474E+03  0.3477E+03  0.3480E+03
  0.3483E+03  0.3485E+03  0.3488E+03  0.3490E+03  0.3493E+03  0.3495E+03
  0.3497E+03  0.3500E+03  0.3503E+03  0.3505E+03  0.3508E+03  0.3511E+03
  0.3513E+03  0.3521E+03 -0.9990E+03 -0.9990E+03 -0.9990E+03 -0.9990E+03
 -0.9990E+03 -0.9990E+03 -0.9990E+03 -0.9990E+03 -0.9990E+03 -0.9990E+03
 -0.9990E+03
  0.3471E+03  0.3474E+03  0.3477E+03  0.3481E+03  0.3484E+03  0.3486E+03
  0.3489E+03  0.3491E+03  0.3494E+03  0.3496E+03  0.3499E+03  0.3501E+03
  0.3504E+03  0.3507E+03  0.3510E+03  0.3513E+03  0.3516E+03  0.3518E+03
  0.3521E+03  0.3536E+03 -0.9990E+03 -0.9990E+03 -0.9990E+03 -0.9990E+03
 -0.9990E+03 -0.9990E+03 -0.9990E+03 -0.9990E+03 -0.9990E+03 -0.9990E+03
 -0.9990E+03
  0.3478E+03  0.3481E+03  0.3485E+03  0.3487E+03  0.3490E+03  0.3493E+03
  0.3495E+03  0.3498E+03  0.3500E+03  0.3503E+03  0.3506E+03  0.3509E+03
  0.3512E+03  0.3515E+03  0.3518E+03  0.3521E+03  0.3523E+03  0.3526E+03
  0.3530E+03  0.6603E+01 -0.9990E+03 -0.9990E+03 -0.9990E+03 -0.9990E+03
 -0.9990E+03 -0.9990E+03 -0.9990E+03 -0.9990E+03 -0.9990E+03 -0.9990E+03
 -0.9990E+03
  0.3486E+03  0.3489E+03  0.3491E+03  0.3494E+03  0.3496E+03  0.3499E+03
  0.3502E+03  0.3504E+03  0.3507E+03  0.3510E+03  0.3513E+03  0.3517E+03
  0.3520E+03  0.3523E+03  0.3526E+03  0.3528E+03  0.3531E+03  0.3533E+03
  0.3536E+03 -0.9990E+03 -0.9990E+03 -0.9990E+03 -0.9990E+03 -0.9990E+03
 -0.9990E+03 -0.9990E+03 -0.9990E+03 -0.9990E+03 -0.9990E+03 -0.9990E+03
 -0.9990E+03
  0.3493E+03  0.3495E+03  0.3497E+03  0.3500E+03  0.3503E+03  0.3506E+03
  0.3509E+03  0.3512E+03  0.3515E+03  0.3519E+03  0.3522E+03  0.3525E+03
  0.3528E+03  0.3531E+03  0.3534E+03  0.3537E+03  0.3539E+03  0.3541E+03
  0.3543E+03  0.3167E+03 -0.9990E+03 -0.9990E+03 -0.9990E+03 -0.9990E+03
 -0.9990E+03 -0.9990E+03 -0.9990E+03 -0.9990E+03 -0.9990E+03 -0.9990E+03
 -0.9990E+03
  0.3499E+03  0.3501E+03  0.3504E+03  0.3507E+03  0.3510E+03  0.3514E+03
  0.3517E+03  0.3521E+03  0.3524E+03  0.3528E+03  0.3531E+03  0.3534E+03
  0.3537E+03  0.3540E+03  0.3542E+03  0.3545E+03  0.3547E+03  0.3549E+03
  0.3551E+03  0.3550E+03 -0.9990E+03 -0.9990E+03 -0.9990E+03 -0.9990E+03
 -0.9990E+03 -0.9990E+03 -0.9990E+03 -0.9990E+03 -0.9990E+03 -0.9990E+03
 -0.9990E+03
  0.3506E+03  0.3509E+03  0.3512E+03  0.3516E+03  0.3519E+03  0.3523E+03
  0.3527E+03  0.3530E+03  0.3534E+03  0.3537E+03  0.3540E+03  0.3543E+03
  0.3546E+03  0.3548E+03  0.3551E+03  0.3553E+03  0.3556E+03  0.3558E+03
  0.3560E+03  0.3563E+03 -0.9990E+03 -0.9990E+03 -0.9990E+03 -0.9990E+03
 -0.9990E+03 -0.9990E+03 -0.9990E+03 -0.9990E+03 -0.9990E+03 -0.9990E+03
 -0.9990E+03
  0.3515E+03  0.3518E+03  0.3522E+03  0.3526E+03  0.3530E+03  0.3534E+03
  0.3538E+03  0.3541E+03  0.3544E+03  0.3547E+03  0.3549E+03  0.3552E+03
  0.3554E+03  0.3557E+03  0.3559E+03  0.3562E+03  0.3564E+03  0.3567E+03
  0.3570E+03  0.3578E+03 -0.9990E+03 -0.9990E+03 -0.9990E+03 -0.9990E+03
 -0.9990E+03 -0.9990E+03 -0.9990E+03 -0.9990E+03 -0.9990E+03 -0.9990E+03
 -0.9990E+03
  0.3525E+03  0.3529E+03  0.3534E+03  0.3538E+03  0.3542E+03  0.3545E+03
  0.3548E+03  0.3551E+03  0.3553E+03  0.3556E+03  0.3558E+03  0.3561E+03
  0.3563E+03  0.3566E+03  0.3568E+03  0.3571E+03  0.3573E+03  0.3576E+03
  0.3578E+03  0.3596E+03 -0.9990E+03 -0.9990E+03 -0.9990E+03 -0.9990E+03
 -0.9990E+03 -0.9990E+03 -0.9990E+03 -0.9990E+03 -0.9990E+03 -0.9990E+03
 -0.9990E+03
  0.3538E+03  0.3543E+03  0.3547E+03  0.3550E+03  0.3553E+03  0.3556E+03
  0.3558E+03  0.3560E+03  0.3563E+03  0.3565E+03  0.3568E+03  0.3570E+03
  0.3573E+03  0.3576E+03  0.3579E+03  0.3581E+03  0.3584E+03  0.3587E+03
  0.3588E+03  0.1068E+02 -0.9990E+03 -0.9990E+03 -0.9990E+03 -0.9990E+03
 -0.9990E+03 -0.9990E+03 -0.9990E+03 -0.9990E+03 -0.9990E+03 -0.9990E+03
 -0.9990E+03
  0.3555E+03  0.3557E+03  0.3559E+03  0.3561E+03  0.3563E+03  0.3566E+03
  0.3568E+03  0.3570E+03  0.3573E+03  0.3576E+03  0.3579E+03  0.3582E+03
  0.3585E+03  0.3588E+03  0.3591E+03  0.3594E+03  0.3596E+03  0.3599E+03
  0.2851E-01 -0.9990E+03 -0.9990E+03 -0.9990E+03 -0.9990E+03 -0.9990E+03
 -0.9990E+03 -0.9990E+03 -0.9990E+03 -0.9990E+03 -0.9990E+03 -0.9990E+03
 -0.9990E+03
  0.3565E+03  0.3567E+03  0.3569E+03  0.3571E+03  0.3574E+03  0.3577E+03
  0.3580E+03  0.3583E+03  0.3586E+03  0.3589E+03  0.3592E+03  0.3596E+03
  0.3599E+03  0.2072E+00  0.4994E+00  0.7735E+00  0.1029E+01  0.1378E+01
  0.1998E+01 -0.9990E+03 -0.9990E+03 -0.9990E+03 -0.9990E+03 -0.9990E+03
 -0.9990E+03 -0.9990E+03 -0.9990E+03 -0.9990E+03 -0.9990E+03 -0.9990E+03
 -0.9990E+03
  0.3576E+03  0.3579E+03  0.3581E+03  0.3584E+03  0.3587E+03  0.3591E+03
  0.3594E+03  0.3598E+03  0.1725E+00  0.5350E+00  0.8824E+00  0.1210E+01
  0.1515E+01  0.1797E+01  0.2054E+01  0.2288E+01  0.2637E+01  0.2855E+01
 -0.9990E+03 -0.9990E+03 -0.9990E+03 -0.9990E+03 -0.9990E+03 -0.9990E+03
 -0.9990E+03 -0.9990E+03 -0.9990E+03 -0.9990E+03 -0.9990E+03 -0.9990E+03
 -0.9990E+03
  0.3590E+03  0.3594E+03  0.3597E+03  0.5941E-01  0.4565E+00  0.8723E+00
  0.1291E+01  0.1698E+01  0.2080E+01  0.2429E+01  0.2743E+01  0.3021E+01
  0.3266E+01  0.3483E+01  0.3675E+01  0.3845E+01  0.3985E+01  0.4721E+01
 -0.9990E+03 -0.9990E+03 -0.9990E+03 -0.9990E+03 -0.9990E+03 -0.9990E+03
 -0.9990E+03 -0.9990E+03 -0.9990E+03 -0.9990E+03 -0.9990E+03 -0.9990E+03
 -0.9990E+03
  0.8472E+00  0.1245E+01  0.1692E+01  0.2167E+01  0.2644E+01  0.3100E+01
  0.3518E+01  0.3887E+01  0.4204E+01  0.4470E+01  0.4691E+01  0.4874E+01
  0.5026E+01  0.5155E+01  0.5265E+01  0.5360E+01  0.5322E+01  0.1119E+02
 -0.9990E+03 -0.9990E+03 -0.9990E+03 -0.9990E+03 -0.9990E+03 -0.9990E+03
 -0.9990E+03 -0.9990E+03 -0.9990E+03 -0.9990E+03 -0.9990E+03 -0.9990E+03
 -0.9990E+03
  0.3203E+01  0.3690E+01  0.4243E+01  0.4767E+01  0.5219E+01  0.5588E+01
  0.5875E+01  0.6094E+01  0.6258E+01  0.6378E+01  0.6466E+01  0.6528E+01
  0.6572E+01  0.6601E+01  0.6619E+01  0.6698E+01  0.7181E+01 -0.9990E+03
 -0.9990E+03 -0.9990E+03 -0.9990E+03 -0.9990E+03 -0.9990E+03 -0.9990E+03
 -0.9990E+03 -0.9990E+03 -0.9990E+03 -0.9990E+03 -0.9990E+03 -0.9990E+03
 -0.9990E+03
  0.6411E+01  0.6765E+01  0.7149E+01  0.7440E+01  0.7626E+01  0.7727E+01
  0.7770E+01  0.7776E+01  0.7758E+01  0.7726E+01  0.7685E+01  0.7638E+01
  0.7585E+01  0.7527E+01  0.7717E+01  0.8518E+01  0.3406E+02 -0.9990E+03
 -0.9990E+03 -0.9990E+03 -0.9990E+03 -0.9990E+03 -0.9990E+03 -0.9990E+03
 -0.9990E+03 -0.9990E+03 -0.9990E+03 -0.9990E+03 -0.9990E+03 -0.9990E+03
 -0.9990E+03
  0.9357E+01  0.9259E+01  0.9155E+01  0.9044E+01  0.8926E+01  0.8806E+01
  0.8685E+01  0.8566E+01  0.8450E+01  0.8340E+01  0.8234E+01  0.8131E+01
  0.8263E+01  0.9610E+01  0.1054E+02  0.1255E+02 -0.9990E+03 -0.9990E+03
 -0.9990E+03 -0.9990E+03 -0.9990E+03 -0.9990E+03 -0.9990E+03 -0.9990E+03
 -0.9990E+03 -0.9990E+03 -0.9990E+03 -0.9990E+03 -0.9990E+03 -0.9990E+03
 -0.9990E+03
  0.9688E+01  0.9619E+01  0.9541E+01  0.9444E+01  0.9331E+01  0.9207E+01
  0.9077E+01  0.8944E+01  0.8813E+01  0.8685E+01  0.8561E+01  0.8845E+01
  0.9443E+01  0.1113E+02  0.1271E+02 -0.9990E+03 -0.9990E+03 -0.9990E+03
 -0.9990E+03 -0.9990E+03 -0.9990E+03 -0.9990E+03 -0.9990E+03 -0.9990E+03
 -0.9990E+03 -0.9990E+03 -0.9990E+03 -0.9990E+03 -0.9990E+03 -0.9990E+03
 -0.9990E+03
  0.1010E+02  0.1004E+02  0.9976E+01  0.9902E+01  0.9810E+01  0.9701E+01
  0.9578E+01  0.9445E+01  0.9307E+01  0.9165E+01  0.9371E+01  0.9757E+01
  0.1026E+02  0.1243E+02 -0.9990E+03 -0.9990E+03 -0.9990E+03 -0.9990E+03
 -0.9990E+03 -0.9990E+03 -0.9990E+03 -0.9990E+03 -0.9990E+03 -0.9990E+03
 -0.9990E+03 -0.9990E+03 -0.9990E+03 -0.9990E+03 -0.9990E+03 -0.9990E+03
 -0.9990E+03
  0.1063E+02  0.1056E+02  0.1049E+02  0.1042E+02  0.1034E+02  0.1025E+02
  0.1014E+02  0.1001E+02  0.9881E+01  0.1035E+02  0.1048E+02  0.1096E+02
  0.1216E+02 -0.9990E+03 -0.9990E+03 -0.9990E+03 -0.9990E+03 -0.9990E+03
 -0.9990E+03 -0.9990E+03 -0.9990E+03 -0.9990E+03 -0.9990E+03 -0.9990E+03
 -0.9990E+03 -0.9990E+03 -0.9990E+03 -0.9990E+03 -0.9990E+03 -0.9990E+03
 -0.9990E+03
  0.1132E+02  0.1123E+02  0.1114E+02  0.1106E+02  0.1097E+02  0.1088E+02
  0.1078E+02  0.1162E+02  0.1249E+02  0.1133E+02  0.1154E+02  0.1283E+02
 -0.9990E+03 -0.9990E+03 -0.9990E+03 -0.9990E+03 -0.9990E+03 -0.9990E+03
 -0.9990E+03 -0.9990E+03 -0.9990E+03 -0.9990E+03 -0.9990E+03 -0.9990E+03
 -0.9990E+03 -0.9990E+03 -0.9990E+03 -0.9990E+03 -0.9990E+03 -0.9990E+03
 -0.9990E+03
  0.1227E+02  0.1215E+02  0.1203E+02  0.1192E+02  0.1181E+02  0.1170E+02
  0.1175E+02  0.1224E+02  0.1383E+02  0.1408E+02  0.1400E+02  0.3654E+02
 -0.9990E+03 -0.9990E+03 -0.9990E+03 -0.9990E+03 -0.9990E+03 -0.9990E+03
 -0.9990E+03 -0.9990E+03 -0.9990E+03 -0.9990E+03 -0.9990E+03 -0.9990E+03
 -0.9990E+03 -0.9990E+03 -0.9990E+03 -0.9990E+03 -0.9990E+03 -0.9990E+03
 -0.9990E+03
  0.1366E+02  0.1348E+02  0.1330E+02  0.1314E+02  0.1298E+02  0.1314E+02
  0.1285E+02  0.1356E+02  0.1727E+02  0.1870E+02  0.4220E+02 -0.9990E+03
 -0.9990E+03 -0.9990E+03 -0.9990E+03 -0.9990E+03 -0.9990E+03 -0.9990E+03
 -0.9990E+03 -0.9990E+03 -0.9990E+03 -0.9990E+03 -0.9990E+03 -0.9990E+03
 -0.9990E+03 -0.9990E+03 -0.9990E+03 -0.9990E+03 -0.9990E+03 -0.9990E+03
 -0.9990E+03
  0.1438E+02  0.1430E+02  0.1424E+02  0.1414E+02  0.1403E+02  0.1313E+02
  0.1479E+02  0.1867E+02  0.2261E+02 -0.9990E+03 -0.9990E+03 -0.9990E+03
 -0.9990E+03 -0.9990E+03 -0.9990E+03 -0.9990E+03 -0.9990E+03 -0.9990E+03
 -0.9990E+03 -0.9990E+03 -0.9990E+03 -0.9990E+03 -0.9990E+03 -0.9990E+03
 -0.9990E+03 -0.9990E+03 -0.9990E+03 -0.9990E+03 -0.9990E+03 -0.9990E+03
 -0.9990E+03
  0.1458E+02  0.1461E+02  0.1465E+02  0.1465E+02  0.1520E+02  0.1571E+02
  0.1771E+02  0.3652E+02 -0.9990E+03 -0.9990E+03 -0.9990E+03 -0.9990E+03
 -0.9990E+03 -0.9990E+03 -0.9990E+03 -0.9990E+03 -0.9990E+03 -0.9990E+03
 -0.9990E+03 -0.9990E+03 -0.9990E+03 -0.9990E+03 -0.9990E+03 -0.9990E+03
 -0.9990E+03 -0.9990E+03 -0.9990E+03 -0.9990E+03 -0.9990E+03 -0.9990E+03
 -0.9990E+03
  0.1486E+02  0.1494E+02  0.1501E+02  0.1504E+02  0.1674E+02  0.1799E+02
 -0.9990E+03 -0.9990E+03 -0.9990E+03 -0.9990E+03 -0.9990E+03 -0.9990E+03
 -0.9990E+03 -0.9990E+03 -0.9990E+03 -0.9990E+03 -0.9990E+03 -0.9990E+03
 -0.9990E+03 -0.9990E+03 -0.9990E+03 -0.9990E+03 -0.9990E+03 -0.9990E+03
 -0.9990E+03 -0.9990E+03 -0.9990E+03 -0.9990E+03 -0.9990E+03 -0.9990E+03
 -0.9990E+03
  0.1531E+02  0.1542E+02  0.1727E+02  0.1790E+02  0.2072E+02 -0.9990E+03
 -0.9990E+03 -0.9990E+03 -0.9990E+03 -0.9990E+03 -0.9990E+03 -0.9990E+03
 -0.9990E+03 -0.9990E+03 -0.9990E+03 -0.9990E+03 -0.9990E+03 -0.9990E+03
 -0.9990E+03 -0.9990E+03 -0.9990E+03 -0.9990E+03 -0.9990E+03 -0.9990E+03
 -0.9990E+03 -0.9990E+03 -0.9990E+03 -0.9990E+03 -0.9990E+03 -0.9990E+03
 -0.9990E+03
  0.1613E+02  0.2509E+02  0.2475E+02  0.3421E+02 -0.9990E+03 -0.9990E+03
 -0.9990E+03 -0.9990E+03 -0.9990E+03 -0.9990E+03 -0.9990E+03 -0.9990E+03
 -0.9990E+03 -0.9990E+03 -0.9990E+03 -0.9990E+03 -0.9990E+03 -0.9990E+03
 -0.9990E+03 -0.9990E+03 -0.9990E+03 -0.9990E+03 -0.9990E+03 -0.9990E+03
 -0.9990E+03 -0.9990E+03 -0.9990E+03 -0.9990E+03 -0.9990E+03 -0.9990E+03
 -0.9990E+03
  0.1811E+02  0.3574E+02 -0.9990E+03 -0.9990E+03 -0.9990E+03 -0.9990E+03
 -0.9990E+03 -0.9990E+03 -0.9990E+03 -0.9990E+03 -0.9990E+03 -0.9990E+03
 -0.9990E+03 -0.9990E+03 -0.9990E+03 -0.9990E+03 -0.9990E+03 -0.9990E+03
 -0.9990E+03 -0.9990E+03 -0.9990E+03 -0.9990E+03 -0.9990E+03 -0.9990E+03
 -0.9990E+03 -0.9990E+03 -0.9990E+03 -0.9990E+03 -0.9990E+03 -0.9990E+03
 -0.9990E+03
 -0.9990E+03 -0.9990E+03 -0.9990E+03 -0.9990E+03 -0.9990E+03 -0.9990E+03
 -0.9990E+03 -0.9990E+03 -0.9990E+03 -0.9990E+03 -0.9990E+03 -0.9990E+03
 -0.9990E+03 -0.9990E+03 -0.9990E+03 -0.9990E+03 -0.9990E+03 -0.9990E+03
 -0.9990E+03 -0.9990E+03 -0.9990E+03 -0.9990E+03 -0.9990E+03 -0.9990E+03
 -0.9990E+03 -0.9990E+03 -0.9990E+03 -0.9990E+03 -0.9990E+03 -0.9990E+03
 -0.9990E+03
