  0.5479E+00  0.5380E+00  0.5279E+00  0.5177E+00  0.5076E+00  0.4975E+00
  0.4878E+00  0.4780E+00  0.4690E+00  0.4641E+00  0.4546E+00  0.4449E+00
  0.4366E+00  0.4294E+00  0.4229E+00  0.4169E+00  0.4114E+00  0.4063E+00
  0.4015E+00  0.3969E+00  0.3925E+00  0.3883E+00  0.3843E+00  0.3804E+00
  0.3769E+00  0.3737E+00  0.3707E+00  0.3678E+00  0.3651E+00  0.3626E+00
  0.3602E+00  0.3457E+00  0.3307E+00  0.3150E+00  0.2987E+00  0.2814E+00
  0.2632E+00  0.2494E+00  0.2467E+00  0.2440E+00  0.2414E+00
  0.5262E+00  0.5159E+00  0.5053E+00  0.4946E+00  0.4839E+00  0.4734E+00
  0.4635E+00  0.4534E+00  0.4444E+00  0.4380E+00  0.4296E+00  0.4222E+00
  0.4155E+00  0.4095E+00  0.4040E+00  0.3989E+00  0.3940E+00  0.3894E+00
  0.3851E+00  0.3810E+00  0.3771E+00  0.3734E+00  0.3698E+00  0.3664E+00
  0.3633E+00  0.3605E+00  0.3579E+00  0.3555E+00  0.3532E+00  0.3510E+00
  0.3488E+00  0.3445E+00  0.3385E+00  0.3313E+00  0.3229E+00  0.3136E+00
  0.3034E+00  0.2931E+00  0.2843E+00  0.2766E+00  0.2698E+00
  0.5036E+00  0.4928E+00  0.4817E+00  0.4705E+00  0.4594E+00  0.4487E+00
  0.4388E+00  0.4288E+00  0.4215E+00  0.4150E+00  0.4089E+00  0.4031E+00
  0.3976E+00  0.3924E+00  0.3876E+00  0.3830E+00  0.3787E+00  0.3745E+00
  0.3707E+00  0.3670E+00  0.3635E+00  0.3601E+00  0.3569E+00  0.3538E+00
  0.3510E+00  0.3483E+00  0.3460E+00  0.3438E+00  0.3417E+00  0.3398E+00
  0.3378E+00  0.3359E+00  0.3334E+00  0.3303E+00  0.3264E+00  0.3217E+00
  0.3164E+00  0.3104E+00  0.3038E+00  0.2972E+00  0.2908E+00
  0.4799E+00  0.4687E+00  0.4572E+00  0.4456E+00  0.4345E+00  0.4244E+00
  0.4154E+00  0.4071E+00  0.4001E+00  0.3940E+00  0.3891E+00  0.3848E+00
  0.3805E+00  0.3763E+00  0.3723E+00  0.3684E+00  0.3646E+00  0.3609E+00
  0.3573E+00  0.3539E+00  0.3507E+00  0.3476E+00  0.3446E+00  0.3418E+00
  0.3390E+00  0.3365E+00  0.3341E+00  0.3321E+00  0.3301E+00  0.3284E+00
  0.3267E+00  0.3252E+00  0.3236E+00  0.3218E+00  0.3197E+00  0.3170E+00
  0.3139E+00  0.3102E+00  0.3061E+00  0.3015E+00  0.2967E+00
  0.4550E+00  0.4436E+00  0.4319E+00  0.4207E+00  0.4106E+00  0.4020E+00
  0.3945E+00  0.3879E+00  0.3821E+00  0.3772E+00  0.3734E+00  0.3698E+00
  0.3660E+00  0.3622E+00  0.3586E+00  0.3550E+00  0.3515E+00  0.3481E+00
  0.3447E+00  0.3414E+00  0.3382E+00  0.3352E+00  0.3323E+00  0.3295E+00
  0.3269E+00  0.3244E+00  0.3220E+00  0.3200E+00  0.3181E+00  0.3165E+00
  0.3151E+00  0.3138E+00  0.3127E+00  0.3115E+00  0.3101E+00  0.3084E+00
  0.3063E+00  0.3038E+00  0.3009E+00  0.2961E+00  0.2913E+00
  0.4287E+00  0.4178E+00  0.4071E+00  0.3976E+00  0.3895E+00  0.3831E+00
  0.3780E+00  0.3733E+00  0.3686E+00  0.3640E+00  0.3599E+00  0.3562E+00
  0.3525E+00  0.3489E+00  0.3453E+00  0.3418E+00  0.3384E+00  0.3350E+00
  0.3317E+00  0.3285E+00  0.3254E+00  0.3225E+00  0.3196E+00  0.3170E+00
  0.3145E+00  0.3121E+00  0.3099E+00  0.3078E+00  0.3061E+00  0.3046E+00
  0.3033E+00  0.3022E+00  0.3013E+00  0.3005E+00  0.2996E+00  0.2985E+00
  0.2971E+00  0.2954E+00  0.2934E+00  0.2907E+00  0.2880E+00
  0.4006E+00  0.3927E+00  0.3853E+00  0.3791E+00  0.3738E+00  0.3696E+00
  0.3653E+00  0.3611E+00  0.3566E+00  0.3519E+00  0.3472E+00  0.3430E+00
  0.3390E+00  0.3352E+00  0.3315E+00  0.3280E+00  0.3246E+00  0.3213E+00
  0.3182E+00  0.3152E+00  0.3123E+00  0.3096E+00  0.3070E+00  0.3046E+00
  0.3023E+00  0.3002E+00  0.2982E+00  0.2963E+00  0.2946E+00  0.2931E+00
  0.2918E+00  0.2908E+00  0.2899E+00  0.2892E+00  0.2887E+00  0.2880E+00
  0.2870E+00  0.2859E+00  0.2841E+00  0.2805E+00  0.2788E+00
  0.3772E+00  0.3734E+00  0.3695E+00  0.3655E+00  0.3615E+00  0.3575E+00
  0.3534E+00  0.3489E+00  0.3441E+00  0.3392E+00  0.3342E+00  0.3294E+00
  0.3251E+00  0.3211E+00  0.3174E+00  0.3139E+00  0.3106E+00  0.3075E+00
  0.3046E+00  0.3019E+00  0.2994E+00  0.2970E+00  0.2948E+00  0.2926E+00
  0.2907E+00  0.2888E+00  0.2869E+00  0.2852E+00  0.2836E+00  0.2820E+00
  0.2807E+00  0.2796E+00  0.2786E+00  0.2779E+00  0.2774E+00  0.2767E+00
  0.2755E+00  0.2721E+00  0.2649E+00  0.2579E+00  0.2527E+00
  0.3664E+00  0.3624E+00  0.3584E+00  0.3541E+00  0.3496E+00  0.3451E+00
  0.3406E+00  0.3357E+00  0.3308E+00  0.3257E+00  0.3207E+00  0.3159E+00
  0.3115E+00  0.3074E+00  0.3038E+00  0.3004E+00  0.2973E+00  0.2944E+00
  0.2918E+00  0.2894E+00  0.2872E+00  0.2851E+00  0.2831E+00  0.2812E+00
  0.2794E+00  0.2776E+00  0.2760E+00  0.2743E+00  0.2727E+00  0.2712E+00
  0.2698E+00  0.2685E+00  0.2674E+00  0.2667E+00  0.2639E+00  0.2617E+00
  0.2571E+00  0.2353E+00  0.2300E+00  0.2309E+00  0.2258E+00
  0.3552E+00  0.3511E+00  0.3469E+00  0.3422E+00  0.3371E+00  0.3323E+00
  0.3272E+00  0.3222E+00  0.3172E+00  0.3124E+00  0.3076E+00  0.3031E+00
  0.2989E+00  0.2950E+00  0.2914E+00  0.2882E+00  0.2853E+00  0.2826E+00
  0.2802E+00  0.2779E+00  0.2758E+00  0.2739E+00  0.2721E+00  0.2703E+00
  0.2686E+00  0.2669E+00  0.2654E+00  0.2638E+00  0.2623E+00  0.2609E+00
  0.2595E+00  0.2583E+00  0.2573E+00  0.2549E+00  0.2335E+00  0.2312E+00
  0.2246E+00 -0.9000E+01 -0.9000E+01 -0.9000E+01 -0.9000E+01
  0.3437E+00  0.3394E+00  0.3338E+00  0.3297E+00  0.3246E+00  0.3191E+00
  0.3138E+00  0.3088E+00  0.3042E+00  0.2998E+00  0.2956E+00  0.2915E+00
  0.2877E+00  0.2841E+00  0.2807E+00  0.2777E+00  0.2749E+00  0.2723E+00
  0.2700E+00  0.2678E+00  0.2659E+00  0.2641E+00  0.2624E+00  0.2608E+00
  0.2592E+00  0.2578E+00  0.2564E+00  0.2551E+00  0.2538E+00  0.2526E+00
  0.2515E+00  0.2504E+00  0.2489E+00  0.2340E+00 -0.9000E+01 -0.9000E+01
 -0.9000E+01 -0.9000E+01 -0.9000E+01 -0.9000E+01 -0.9000E+01
  0.3317E+00  0.3273E+00  0.3225E+00  0.3174E+00  0.3120E+00  0.3066E+00
  0.3015E+00  0.2970E+00  0.2928E+00  0.2890E+00  0.2854E+00  0.2819E+00
  0.2785E+00  0.2753E+00  0.2723E+00  0.2695E+00  0.2669E+00  0.2645E+00
  0.2624E+00  0.2604E+00  0.2586E+00  0.2570E+00  0.2555E+00  0.2542E+00
  0.2529E+00  0.2517E+00  0.2506E+00  0.2496E+00  0.2486E+00  0.2477E+00
  0.2468E+00  0.2447E+00  0.2412E+00 -0.9000E+01 -0.9000E+01 -0.9000E+01
 -0.9000E+01 -0.9000E+01 -0.9000E+01 -0.9000E+01 -0.9000E+01
  0.3194E+00  0.3149E+00  0.3099E+00  0.3051E+00  0.3006E+00  0.2962E+00
  0.2921E+00  0.2883E+00  0.2849E+00  0.2817E+00  0.2787E+00  0.2758E+00
  0.2730E+00  0.2702E+00  0.2676E+00  0.2651E+00  0.2628E+00  0.2606E+00
  0.2587E+00  0.2569E+00  0.2553E+00  0.2538E+00  0.2525E+00  0.2513E+00
  0.2502E+00  0.2493E+00  0.2484E+00  0.2475E+00  0.2467E+00  0.2460E+00
  0.2453E+00  0.2440E+00  0.2451E+00  0.5414E-01 -0.9000E+01 -0.9000E+01
 -0.9000E+01 -0.9000E+01 -0.9000E+01 -0.9000E+01 -0.9000E+01
  0.3065E+00  0.3033E+00  0.2999E+00  0.2967E+00  0.2937E+00  0.2908E+00
  0.2878E+00  0.2850E+00  0.2822E+00  0.2795E+00  0.2769E+00  0.2744E+00
  0.2719E+00  0.2695E+00  0.2671E+00  0.2648E+00  0.2627E+00  0.2606E+00
  0.2587E+00  0.2570E+00  0.2554E+00  0.2539E+00  0.2526E+00  0.2514E+00
  0.2503E+00  0.2493E+00  0.2484E+00  0.2476E+00  0.2466E+00  0.2455E+00
  0.2442E+00  0.2427E+00  0.2432E+00  0.2226E+00  0.4125E-01 -0.9000E+01
 -0.9000E+01 -0.9000E+01 -0.9000E+01 -0.9000E+01 -0.9000E+01
  0.2948E+00  0.2940E+00  0.2932E+00  0.2920E+00  0.2904E+00  0.2886E+00
  0.2866E+00  0.2844E+00  0.2821E+00  0.2797E+00  0.2773E+00  0.2750E+00
  0.2727E+00  0.2704E+00  0.2682E+00  0.2660E+00  0.2639E+00  0.2619E+00
  0.2601E+00  0.2583E+00  0.2566E+00  0.2551E+00  0.2537E+00  0.2524E+00
  0.2512E+00  0.2501E+00  0.2476E+00  0.2438E+00  0.2404E+00  0.2380E+00
  0.2380E+00  0.2358E+00  0.2348E+00  0.2338E+00  0.2280E+00 -0.9000E+01
 -0.9000E+01 -0.9000E+01 -0.9000E+01 -0.9000E+01 -0.9000E+01
  0.2833E+00  0.2841E+00  0.2849E+00  0.2852E+00  0.2848E+00  0.2840E+00
  0.2828E+00  0.2812E+00  0.2794E+00  0.2774E+00  0.2754E+00  0.2733E+00
  0.2712E+00  0.2692E+00  0.2672E+00  0.2652E+00  0.2633E+00  0.2615E+00
  0.2597E+00  0.2581E+00  0.2565E+00  0.2550E+00  0.2536E+00  0.2523E+00
  0.2511E+00  0.2496E+00  0.2470E+00  0.2477E+00  0.2461E+00  0.2423E+00
  0.2385E+00  0.2347E+00  0.2321E+00  0.2330E+00 -0.9000E+01 -0.9000E+01
 -0.9000E+01 -0.9000E+01 -0.9000E+01 -0.9000E+01 -0.9000E+01
  0.2714E+00  0.2726E+00  0.2741E+00  0.2754E+00  0.2761E+00  0.2762E+00
  0.2756E+00  0.2746E+00  0.2733E+00  0.2717E+00  0.2700E+00  0.2682E+00
  0.2664E+00  0.2646E+00  0.2629E+00  0.2612E+00  0.2595E+00  0.2579E+00
  0.2564E+00  0.2549E+00  0.2535E+00  0.2522E+00  0.2510E+00  0.2498E+00
  0.2488E+00  0.2473E+00  0.2448E+00  0.2467E+00  0.2479E+00  0.2471E+00
  0.2454E+00  0.2413E+00  0.2391E+00  0.2330E+00 -0.9000E+01 -0.9000E+01
 -0.9000E+01 -0.9000E+01 -0.9000E+01 -0.9000E+01 -0.9000E+01
  0.2590E+00  0.2603E+00  0.2622E+00  0.2641E+00  0.2655E+00  0.2662E+00
  0.2663E+00  0.2658E+00  0.2649E+00  0.2636E+00  0.2622E+00  0.2607E+00
  0.2591E+00  0.2575E+00  0.2560E+00  0.2545E+00  0.2530E+00  0.2515E+00
  0.2502E+00  0.2489E+00  0.2477E+00  0.2465E+00  0.2454E+00  0.2444E+00
  0.2435E+00  0.2426E+00  0.2415E+00  0.2423E+00  0.2416E+00  0.2444E+00
  0.2463E+00  0.2467E+00  0.2488E+00 -0.9000E+01 -0.9000E+01 -0.9000E+01
 -0.9000E+01 -0.9000E+01 -0.9000E+01 -0.9000E+01 -0.9000E+01
  0.2460E+00  0.2473E+00  0.2493E+00  0.2515E+00  0.2533E+00  0.2545E+00
  0.2551E+00  0.2551E+00  0.2547E+00  0.2538E+00  0.2527E+00  0.2515E+00
  0.2502E+00  0.2488E+00  0.2474E+00  0.2460E+00  0.2447E+00  0.2434E+00
  0.2421E+00  0.2409E+00  0.2397E+00  0.2386E+00  0.2375E+00  0.2366E+00
  0.2357E+00  0.2348E+00  0.2336E+00  0.2323E+00  0.2288E+00  0.2318E+00
  0.2367E+00  0.2444E+00  0.2948E+00 -0.9000E+01 -0.9000E+01 -0.9000E+01
 -0.9000E+01 -0.9000E+01 -0.9000E+01 -0.9000E+01 -0.9000E+01
  0.2322E+00  0.2334E+00  0.2353E+00  0.2375E+00  0.2394E+00  0.2410E+00
  0.2420E+00  0.2425E+00  0.2425E+00  0.2421E+00  0.2414E+00  0.2405E+00
  0.2396E+00  0.2385E+00  0.2373E+00  0.2360E+00  0.2348E+00  0.2335E+00
  0.2322E+00  0.2311E+00  0.2299E+00  0.2288E+00  0.2279E+00  0.2270E+00
  0.2260E+00  0.2252E+00  0.2228E+00  0.2182E+00  0.2149E+00  0.2150E+00
  0.2200E+00  0.2317E+00 -0.9000E+01 -0.9000E+01 -0.9000E+01 -0.9000E+01
 -0.9000E+01 -0.9000E+01 -0.9000E+01 -0.9000E+01 -0.9000E+01
  0.2175E+00  0.2183E+00  0.2198E+00  0.2217E+00  0.2235E+00  0.2253E+00
  0.2268E+00  0.2277E+00  0.2213E+00  0.2210E+00  0.2104E+00  0.2117E+00
  0.2163E+00  0.2168E+00  0.2150E+00  0.2103E+00  0.2044E+00  0.1971E+00
  0.2204E+00  0.1334E+00  0.1322E+00  0.1451E+00  0.1554E+00  0.1650E+00
  0.1730E+00  0.1790E+00  0.1830E+00  0.1878E+00  0.1910E+00  0.1936E+00
  0.1998E+00 -0.9000E+01 -0.9000E+01 -0.9000E+01 -0.9000E+01 -0.9000E+01
 -0.9000E+01 -0.9000E+01 -0.9000E+01 -0.9000E+01 -0.9000E+01
  0.2107E+00  0.2104E+00  0.2101E+00  0.2103E+00  0.2110E+00  0.2121E+00
  0.2131E+00  0.2139E+00  0.2175E+00  0.2316E+00  0.2004E+00  0.1897E+00
  0.1836E+00  0.1858E+00  0.1916E+00  0.1947E+00  0.1993E+00 -0.9000E+01
 -0.9000E+01 -0.9000E+01  0.4523E-01  0.9817E-01  0.1441E+00  0.1201E+00
  0.1203E+00  0.1317E+00  0.1411E+00  0.1511E+00  0.1583E+00  0.1609E+00
 -0.9000E+01 -0.9000E+01 -0.9000E+01 -0.9000E+01 -0.9000E+01 -0.9000E+01
 -0.9000E+01 -0.9000E+01 -0.9000E+01 -0.9000E+01 -0.9000E+01
  0.2023E+00  0.2022E+00  0.2017E+00  0.2010E+00  0.2005E+00  0.1982E+00
  0.1988E+00  0.1999E+00  0.1972E+00  0.2144E+00  0.1932E+00  0.1914E+00
 -0.9000E+01 -0.9000E+01 -0.9000E+01 -0.9000E+01 -0.9000E+01 -0.9000E+01
 -0.9000E+01 -0.9000E+01 -0.9000E+01 -0.9000E+01 -0.9000E+01 -0.9000E+01
 -0.9000E+01 -0.9000E+01 -0.9000E+01 -0.9000E+01 -0.9000E+01 -0.9000E+01
 -0.9000E+01 -0.9000E+01 -0.9000E+01 -0.9000E+01 -0.9000E+01 -0.9000E+01
 -0.9000E+01 -0.9000E+01 -0.9000E+01 -0.9000E+01 -0.9000E+01
  0.1919E+00  0.1856E+00  0.1849E+00  0.1777E+00  0.1734E+00  0.1654E+00
  0.1724E+00  0.1754E+00  0.1900E+00  0.3413E+00 -0.9000E+01 -0.9000E+01
 -0.9000E+01 -0.9000E+01 -0.9000E+01 -0.9000E+01 -0.9000E+01 -0.9000E+01
 -0.9000E+01 -0.9000E+01 -0.9000E+01 -0.9000E+01 -0.9000E+01 -0.9000E+01
 -0.9000E+01 -0.9000E+01 -0.9000E+01 -0.9000E+01 -0.9000E+01 -0.9000E+01
 -0.9000E+01 -0.9000E+01 -0.9000E+01 -0.9000E+01 -0.9000E+01 -0.9000E+01
 -0.9000E+01 -0.9000E+01 -0.9000E+01 -0.9000E+01 -0.9000E+01
  0.1794E+00  0.1769E+00  0.1805E+00  0.1849E+00  0.1796E+00 -0.9000E+01
 -0.9000E+01 -0.9000E+01 -0.9000E+01 -0.9000E+01 -0.9000E+01 -0.9000E+01
 -0.9000E+01 -0.9000E+01 -0.9000E+01 -0.9000E+01 -0.9000E+01 -0.9000E+01
 -0.9000E+01 -0.9000E+01 -0.9000E+01 -0.9000E+01 -0.9000E+01 -0.9000E+01
 -0.9000E+01 -0.9000E+01 -0.9000E+01 -0.9000E+01 -0.9000E+01 -0.9000E+01
 -0.9000E+01 -0.9000E+01 -0.9000E+01 -0.9000E+01 -0.9000E+01 -0.9000E+01
 -0.9000E+01 -0.9000E+01 -0.9000E+01 -0.9000E+01 -0.9000E+01
  0.1713E+00  0.1658E+00  0.1861E+00  0.2668E+00 -0.9000E+01 -0.9000E+01
 -0.9000E+01 -0.9000E+01 -0.9000E+01 -0.9000E+01 -0.9000E+01 -0.9000E+01
 -0.9000E+01 -0.9000E+01 -0.9000E+01 -0.9000E+01 -0.9000E+01 -0.9000E+01
 -0.9000E+01 -0.9000E+01 -0.9000E+01 -0.9000E+01 -0.9000E+01 -0.9000E+01
 -0.9000E+01 -0.9000E+01 -0.9000E+01 -0.9000E+01 -0.9000E+01 -0.9000E+01
 -0.9000E+01 -0.9000E+01 -0.9000E+01 -0.9000E+01 -0.9000E+01 -0.9000E+01
 -0.9000E+01 -0.9000E+01 -0.9000E+01 -0.9000E+01 -0.9000E+01
  0.1394E+00  0.2218E+00 -0.9000E+01 -0.9000E+01 -0.9000E+01 -0.9000E+01
 -0.9000E+01 -0.9000E+01 -0.9000E+01 -0.9000E+01 -0.9000E+01 -0.9000E+01
 -0.9000E+01 -0.9000E+01 -0.9000E+01 -0.9000E+01 -0.9000E+01 -0.9000E+01
 -0.9000E+01 -0.9000E+01 -0.9000E+01 -0.9000E+01 -0.9000E+01 -0.9000E+01
 -0.9000E+01 -0.9000E+01 -0.9000E+01 -0.9000E+01 -0.9000E+01 -0.9000E+01
 -0.9000E+01 -0.9000E+01 -0.9000E+01 -0.9000E+01 -0.9000E+01 -0.9000E+01
 -0.9000E+01 -0.9000E+01 -0.9000E+01 -0.9000E+01 -0.9000E+01
 -0.9000E+01 -0.9000E+01 -0.9000E+01 -0.9000E+01 -0.9000E+01 -0.9000E+01
 -0.9000E+01 -0.9000E+01 -0.9000E+01 -0.9000E+01 -0.9000E+01 -0.9000E+01
 -0.9000E+01 -0.9000E+01 -0.9000E+01 -0.9000E+01 -0.9000E+01 -0.9000E+01
 -0.9000E+01 -0.9000E+01 -0.9000E+01 -0.9000E+01 -0.9000E+01 -0.9000E+01
 -0.9000E+01 -0.9000E+01 -0.9000E+01 -0.9000E+01 -0.9000E+01 -0.9000E+01
 -0.9000E+01 -0.9000E+01 -0.9000E+01 -0.9000E+01 -0.9000E+01 -0.9000E+01
 -0.9000E+01 -0.9000E+01 -0.9000E+01 -0.9000E+01 -0.9000E+01
 -0.9000E+01 -0.9000E+01 -0.9000E+01 -0.9000E+01 -0.9000E+01 -0.9000E+01
 -0.9000E+01 -0.9000E+01 -0.9000E+01 -0.9000E+01 -0.9000E+01 -0.9000E+01
 -0.9000E+01 -0.9000E+01 -0.9000E+01 -0.9000E+01 -0.9000E+01 -0.9000E+01
 -0.9000E+01 -0.9000E+01 -0.9000E+01 -0.9000E+01 -0.9000E+01 -0.9000E+01
 -0.9000E+01 -0.9000E+01 -0.9000E+01 -0.9000E+01 -0.9000E+01 -0.9000E+01
 -0.9000E+01 -0.9000E+01 -0.9000E+01 -0.9000E+01 -0.9000E+01 -0.9000E+01
 -0.9000E+01 -0.9000E+01 -0.9000E+01 -0.9000E+01 -0.9000E+01
 -0.9000E+01 -0.9000E+01 -0.9000E+01 -0.9000E+01 -0.9000E+01 -0.9000E+01
 -0.9000E+01 -0.9000E+01 -0.9000E+01 -0.9000E+01 -0.9000E+01 -0.9000E+01
 -0.9000E+01 -0.9000E+01 -0.9000E+01 -0.9000E+01 -0.9000E+01 -0.9000E+01
 -0.9000E+01 -0.9000E+01 -0.9000E+01 -0.9000E+01 -0.9000E+01 -0.9000E+01
 -0.9000E+01 -0.9000E+01 -0.9000E+01 -0.9000E+01 -0.9000E+01 -0.9000E+01
 -0.9000E+01 -0.9000E+01 -0.9000E+01 -0.9000E+01 -0.9000E+01 -0.9000E+01
 -0.9000E+01 -0.9000E+01 -0.9000E+01 -0.9000E+01 -0.9000E+01
 -0.9000E+01 -0.9000E+01 -0.9000E+01 -0.9000E+01 -0.9000E+01 -0.9000E+01
 -0.9000E+01 -0.9000E+01 -0.9000E+01 -0.9000E+01 -0.9000E+01 -0.9000E+01
 -0.9000E+01 -0.9000E+01 -0.9000E+01 -0.9000E+01 -0.9000E+01 -0.9000E+01
 -0.9000E+01 -0.9000E+01 -0.9000E+01 -0.9000E+01 -0.9000E+01 -0.9000E+01
 -0.9000E+01 -0.9000E+01 -0.9000E+01 -0.9000E+01 -0.9000E+01 -0.9000E+01
 -0.9000E+01 -0.9000E+01 -0.9000E+01 -0.9000E+01 -0.9000E+01 -0.9000E+01
 -0.9000E+01 -0.9000E+01 -0.9000E+01 -0.9000E+01 -0.9000E+01
