  0.4879E+00  0.4813E+00  0.4759E+00  0.4658E+00  0.4519E+00  0.4363E+00
  0.4207E+00  0.3944E+00  0.3587E+00  0.3266E+00  0.2994E+00  0.2766E+00
  0.2575E+00  0.2412E+00  0.2306E+00  0.2234E+00  0.2175E+00  0.2127E+00
  0.2089E+00  0.2059E+00  0.2038E+00  0.2023E+00  0.2017E+00  0.2018E+00
  0.2027E+00  0.2043E+00  0.2063E+00  0.2086E+00  0.2108E+00  0.2131E+00
  0.2154E+00  0.2176E+00  0.2195E+00  0.2212E+00  0.2236E+00  0.2264E+00
  0.2292E+00  0.2323E+00  0.2361E+00  0.2410E+00  0.2466E+00
  0.4734E+00  0.4624E+00  0.4295E+00  0.4023E+00  0.3797E+00  0.3608E+00
  0.3449E+00  0.2299E+00  0.2261E+00  0.2216E+00  0.2169E+00  0.2122E+00
  0.2076E+00  0.2029E+00  0.1991E+00  0.1962E+00  0.1942E+00  0.1930E+00
  0.1924E+00  0.1927E+00  0.1938E+00  0.1956E+00  0.1979E+00  0.2006E+00
  0.2035E+00  0.2065E+00  0.2095E+00  0.2122E+00  0.2147E+00  0.2167E+00
  0.2184E+00  0.2196E+00  0.2206E+00  0.2212E+00  0.2215E+00  0.2217E+00
  0.2219E+00  0.2207E+00  0.2204E+00  0.2196E+00  0.2183E+00
  0.4584E+00  0.4261E+00  0.2288E+00  0.2266E+00  0.2232E+00  0.2211E+00
  0.2273E+00 -0.9000E+01  0.1808E-03  0.8767E-01  0.1244E+00  0.1464E+00
  0.1603E+00  0.1696E+00  0.1760E+00  0.1809E+00  0.1852E+00  0.1894E+00
  0.1937E+00  0.1981E+00  0.2024E+00  0.2066E+00  0.2105E+00  0.2140E+00
  0.2170E+00  0.2195E+00  0.2216E+00  0.2231E+00  0.2242E+00  0.2249E+00
  0.2251E+00  0.2249E+00  0.2245E+00  0.2238E+00  0.2230E+00  0.2222E+00
  0.2210E+00  0.2217E+00  0.2226E+00  0.2121E+00  0.2010E+00
  0.4429E+00  0.2281E+00 -0.9000E+01 -0.9000E+01 -0.9000E+01 -0.9000E+01
 -0.9000E+01 -0.9000E+01  0.2491E-03  0.4558E-01  0.6407E-01  0.8303E-01
  0.1007E+00  0.1166E+00  0.1311E+00  0.1443E+00  0.1562E+00  0.1669E+00
  0.1765E+00  0.1850E+00  0.1924E+00  0.1987E+00  0.2040E+00  0.2084E+00
  0.2120E+00  0.2149E+00  0.2172E+00  0.2190E+00  0.2205E+00  0.2217E+00
  0.2227E+00  0.2237E+00  0.2245E+00  0.2254E+00  0.2265E+00  0.2277E+00
  0.2297E+00  0.2302E+00  0.2248E+00  0.1829E+00  0.2082E+00
 -0.9000E+01 -0.9000E+01 -0.9000E+01 -0.9000E+01 -0.9000E+01 -0.9000E+01
 -0.9000E+01  0.6331E-04  0.2399E-01  0.3255E-01  0.4782E-01  0.6605E-01
  0.8558E-01  0.1044E+00  0.1214E+00  0.1363E+00  0.1489E+00  0.1594E+00
  0.1681E+00  0.1754E+00  0.1815E+00  0.1868E+00  0.1915E+00  0.1958E+00
  0.1999E+00  0.2038E+00  0.2076E+00  0.2113E+00  0.2151E+00  0.2188E+00
  0.2225E+00  0.2261E+00  0.2297E+00  0.2334E+00  0.2376E+00  0.2419E+00
  0.2346E+00  0.2242E+00  0.1785E+00 -0.9000E+01 -0.9000E+01
 -0.9000E+01 -0.9000E+01 -0.9000E+01 -0.9000E+01 -0.9000E+01 -0.9000E+01
  0.2958E-04  0.3358E-01  0.4562E-01  0.6227E-01  0.8145E-01  0.1002E+00
  0.1169E+00  0.1311E+00  0.1433E+00  0.1541E+00  0.1639E+00  0.1727E+00
  0.1807E+00  0.1879E+00  0.1943E+00  0.2001E+00  0.2054E+00  0.2101E+00
  0.2144E+00  0.2184E+00  0.2222E+00  0.2258E+00  0.2292E+00  0.2325E+00
  0.2358E+00  0.2390E+00  0.2427E+00  0.2468E+00  0.2500E+00  0.2407E+00
  0.1415E+00  0.1636E+00 -0.9000E+01 -0.9000E+01 -0.9000E+01
 -0.9000E+01 -0.9000E+01 -0.9000E+01 -0.9000E+01 -0.9000E+01 -0.9000E+01
  0.8713E-04  0.7308E-01  0.1041E+00  0.1269E+00  0.1448E+00  0.1594E+00
  0.1718E+00  0.1824E+00  0.1913E+00  0.1989E+00  0.2053E+00  0.2112E+00
  0.2167E+00  0.2219E+00  0.2265E+00  0.2312E+00  0.2353E+00  0.2391E+00
  0.2424E+00  0.2451E+00  0.2474E+00  0.2492E+00  0.2506E+00  0.2517E+00
  0.2526E+00  0.2537E+00  0.2562E+00  0.2558E+00  0.2457E+00  0.1166E+00
 -0.9000E+01 -0.9000E+01 -0.9000E+01 -0.9000E+01 -0.9000E+01
 -0.9000E+01 -0.9000E+01 -0.9000E+01 -0.9000E+01  0.6718E-05  0.1039E+00
  0.1503E+00  0.1798E+00  0.1993E+00  0.2126E+00  0.2220E+00  0.2289E+00
  0.2342E+00  0.2385E+00  0.2421E+00  0.2449E+00  0.2471E+00  0.2487E+00
  0.2497E+00  0.2506E+00  0.2514E+00  0.2520E+00  0.2526E+00  0.2533E+00
  0.2540E+00  0.2547E+00  0.2553E+00  0.2557E+00  0.2559E+00  0.2559E+00
  0.2562E+00  0.2575E+00  0.2451E+00  0.2348E+00  0.1084E+00 -0.9000E+01
 -0.9000E+01 -0.9000E+01 -0.9000E+01 -0.9000E+01 -0.9000E+01
  0.3840E+00  0.3061E+00  0.2996E+00  0.2937E+00  0.2887E+00  0.2844E+00
  0.2808E+00  0.2776E+00  0.2748E+00  0.2723E+00  0.2698E+00  0.2675E+00
  0.2654E+00  0.2634E+00  0.2617E+00  0.2601E+00  0.2585E+00  0.2570E+00
  0.2554E+00  0.2538E+00  0.2522E+00  0.2506E+00  0.2490E+00  0.2475E+00
  0.2463E+00  0.2454E+00  0.2448E+00  0.2444E+00  0.2446E+00  0.2451E+00
  0.2463E+00  0.2358E+00  0.9386E-01  0.9691E-01 -0.9000E+01 -0.9000E+01
 -0.9000E+01 -0.9000E+01 -0.9000E+01 -0.9000E+01 -0.9000E+01
  0.3714E+00  0.3552E+00  0.3419E+00  0.3309E+00  0.3195E+00  0.3095E+00
  0.3011E+00  0.2940E+00  0.2878E+00  0.2823E+00  0.2772E+00  0.2725E+00
  0.2681E+00  0.2640E+00  0.2603E+00  0.2570E+00  0.2539E+00  0.2511E+00
  0.2484E+00  0.2459E+00  0.2435E+00  0.2412E+00  0.2389E+00  0.2366E+00
  0.2344E+00  0.2325E+00  0.2310E+00  0.2302E+00  0.2310E+00  0.2312E+00
  0.2212E+00  0.1125E+00 -0.9000E+01 -0.9000E+01 -0.9000E+01 -0.9000E+01
 -0.9000E+01 -0.9000E+01 -0.9000E+01 -0.9000E+01 -0.9000E+01
  0.3585E+00  0.3532E+00  0.3485E+00  0.3429E+00  0.3363E+00  0.3291E+00
  0.3218E+00  0.3146E+00  0.3078E+00  0.3013E+00  0.2951E+00  0.2891E+00
  0.2833E+00  0.2778E+00  0.2725E+00  0.2675E+00  0.2629E+00  0.2586E+00
  0.2545E+00  0.2507E+00  0.2470E+00  0.2435E+00  0.2401E+00  0.2369E+00
  0.2340E+00  0.2314E+00  0.2291E+00  0.2279E+00  0.2181E+00  0.2082E+00
  0.9987E-01 -0.9000E+01 -0.9000E+01 -0.9000E+01 -0.9000E+01 -0.9000E+01
 -0.9000E+01 -0.9000E+01 -0.9000E+01 -0.9000E+01 -0.9000E+01
  0.3482E+00  0.3453E+00  0.3426E+00  0.3392E+00  0.3350E+00  0.3302E+00
  0.3249E+00  0.3194E+00  0.3139E+00  0.3084E+00  0.3030E+00  0.2978E+00
  0.2927E+00  0.2877E+00  0.2829E+00  0.2783E+00  0.2739E+00  0.2697E+00
  0.2656E+00  0.2617E+00  0.2578E+00  0.2540E+00  0.2505E+00  0.2473E+00
  0.2450E+00  0.2423E+00  0.2390E+00  0.2296E+00  0.1290E+00  0.1272E+00
 -0.9000E+01 -0.9000E+01 -0.9000E+01 -0.9000E+01 -0.9000E+01 -0.9000E+01
 -0.9000E+01 -0.9000E+01 -0.9000E+01 -0.9000E+01 -0.9000E+01
  0.3377E+00  0.3356E+00  0.3334E+00  0.3309E+00  0.3277E+00  0.3239E+00
  0.3197E+00  0.3152E+00  0.3105E+00  0.3057E+00  0.3010E+00  0.2964E+00
  0.2920E+00  0.2877E+00  0.2836E+00  0.2798E+00  0.2762E+00  0.2729E+00
  0.2697E+00  0.2666E+00  0.2637E+00  0.2611E+00  0.2593E+00  0.2572E+00
  0.2496E+00  0.2424E+00  0.2350E+00  0.1681E+00 -0.9000E+01 -0.9000E+01
 -0.9000E+01 -0.9000E+01 -0.9000E+01 -0.9000E+01 -0.9000E+01 -0.9000E+01
 -0.9000E+01 -0.9000E+01 -0.9000E+01 -0.9000E+01 -0.9000E+01
  0.3269E+00  0.3250E+00  0.3230E+00  0.3208E+00  0.3182E+00  0.3151E+00
  0.3116E+00  0.3077E+00  0.3037E+00  0.2995E+00  0.2954E+00  0.2907E+00
  0.2860E+00  0.2814E+00  0.2770E+00  0.2733E+00  0.2702E+00  0.2674E+00
  0.2649E+00  0.2625E+00  0.2603E+00  0.2586E+00  0.2526E+00  0.2474E+00
  0.1899E+00  0.1886E+00  0.1861E+00 -0.9000E+01 -0.9000E+01 -0.9000E+01
 -0.9000E+01 -0.9000E+01 -0.9000E+01 -0.9000E+01 -0.9000E+01 -0.9000E+01
 -0.9000E+01 -0.9000E+01 -0.9000E+01 -0.9000E+01 -0.9000E+01
  0.3157E+00  0.3138E+00  0.3119E+00  0.3099E+00  0.3076E+00  0.3051E+00
  0.3022E+00  0.2991E+00  0.2958E+00  0.2912E+00  0.2869E+00  0.2824E+00
  0.2790E+00  0.2761E+00  0.2726E+00  0.2687E+00  0.2650E+00  0.2616E+00
  0.2588E+00  0.2568E+00  0.2548E+00  0.2490E+00  0.1962E+00  0.1814E+00
 -0.9000E+01 -0.9000E+01 -0.9000E+01 -0.9000E+01 -0.9000E+01 -0.9000E+01
 -0.9000E+01 -0.9000E+01 -0.9000E+01 -0.9000E+01 -0.9000E+01 -0.9000E+01
 -0.9000E+01 -0.9000E+01 -0.9000E+01 -0.9000E+01 -0.9000E+01
  0.3041E+00  0.3023E+00  0.3004E+00  0.2986E+00  0.2968E+00  0.2949E+00
  0.2928E+00  0.2906E+00  0.2883E+00  0.2857E+00  0.2832E+00  0.2805E+00
  0.2767E+00  0.2729E+00  0.2693E+00  0.2653E+00  0.2610E+00  0.2566E+00
  0.2525E+00  0.2472E+00  0.2420E+00  0.2025E+00 -0.9000E+01 -0.9000E+01
 -0.9000E+01 -0.9000E+01 -0.9000E+01 -0.9000E+01 -0.9000E+01 -0.9000E+01
 -0.9000E+01 -0.9000E+01 -0.9000E+01 -0.9000E+01 -0.9000E+01 -0.9000E+01
 -0.9000E+01 -0.9000E+01 -0.9000E+01 -0.9000E+01 -0.9000E+01
  0.2920E+00  0.2906E+00  0.2892E+00  0.2880E+00  0.2870E+00  0.2860E+00
  0.2848E+00  0.2835E+00  0.2816E+00  0.2782E+00  0.2762E+00  0.2757E+00
  0.2724E+00  0.2667E+00  0.2610E+00  0.2557E+00  0.2508E+00  0.2457E+00
  0.2406E+00  0.2085E+00  0.2011E+00 -0.9000E+01 -0.9000E+01 -0.9000E+01
 -0.9000E+01 -0.9000E+01 -0.9000E+01 -0.9000E+01 -0.9000E+01 -0.9000E+01
 -0.9000E+01 -0.9000E+01 -0.9000E+01 -0.9000E+01 -0.9000E+01 -0.9000E+01
 -0.9000E+01 -0.9000E+01 -0.9000E+01 -0.9000E+01 -0.9000E+01
  0.2817E+00  0.2810E+00  0.2803E+00  0.2797E+00  0.2794E+00  0.2787E+00
  0.2774E+00  0.2734E+00  0.2657E+00  0.2584E+00  0.2520E+00  0.2504E+00
  0.2509E+00  0.2494E+00  0.2454E+00  0.2406E+00  0.2357E+00  0.2309E+00
  0.2258E+00 -0.9000E+01 -0.9000E+01 -0.9000E+01 -0.9000E+01 -0.9000E+01
 -0.9000E+01 -0.9000E+01 -0.9000E+01 -0.9000E+01 -0.9000E+01 -0.9000E+01
 -0.9000E+01 -0.9000E+01 -0.9000E+01 -0.9000E+01 -0.9000E+01 -0.9000E+01
 -0.9000E+01 -0.9000E+01 -0.9000E+01 -0.9000E+01 -0.9000E+01
  0.2758E+00  0.2748E+00  0.2740E+00  0.2734E+00  0.2698E+00  0.2668E+00
  0.2614E+00  0.2350E+00  0.2294E+00  0.2298E+00  0.2248E+00  0.2215E+00
  0.2231E+00  0.2271E+00  0.2292E+00  0.2285E+00  0.2265E+00  0.2220E+00
 -0.9000E+01 -0.9000E+01 -0.9000E+01 -0.9000E+01 -0.9000E+01 -0.9000E+01
 -0.9000E+01 -0.9000E+01 -0.9000E+01 -0.9000E+01 -0.9000E+01 -0.9000E+01
 -0.9000E+01 -0.9000E+01 -0.9000E+01 -0.9000E+01 -0.9000E+01 -0.9000E+01
 -0.9000E+01 -0.9000E+01 -0.9000E+01 -0.9000E+01 -0.9000E+01
  0.2698E+00  0.2686E+00  0.2674E+00  0.2662E+00  0.2343E+00  0.2319E+00
  0.2250E+00 -0.9000E+01 -0.9000E+01 -0.9000E+01  0.6467E-02  0.9026E-01
  0.1247E+00  0.1505E+00  0.1702E+00  0.1824E+00  0.1882E+00 -0.9000E+01
 -0.9000E+01 -0.9000E+01 -0.9000E+01 -0.9000E+01 -0.9000E+01 -0.9000E+01
 -0.9000E+01 -0.9000E+01 -0.9000E+01 -0.9000E+01 -0.9000E+01 -0.9000E+01
 -0.9000E+01 -0.9000E+01 -0.9000E+01 -0.9000E+01 -0.9000E+01 -0.9000E+01
 -0.9000E+01 -0.9000E+01 -0.9000E+01 -0.9000E+01 -0.9000E+01
  0.2637E+00  0.2614E+00  0.2582E+00  0.2559E+00 -0.9000E+01 -0.9000E+01
 -0.9000E+01 -0.9000E+01 -0.9000E+01 -0.9000E+01 -0.9000E+01  0.4807E-01
 -0.9000E+01  0.1941E+00  0.1986E+00 -0.9000E+01 -0.9000E+01 -0.9000E+01
 -0.9000E+01 -0.9000E+01 -0.9000E+01 -0.9000E+01 -0.9000E+01 -0.9000E+01
 -0.9000E+01 -0.9000E+01 -0.9000E+01 -0.9000E+01 -0.9000E+01 -0.9000E+01
 -0.9000E+01 -0.9000E+01 -0.9000E+01 -0.9000E+01 -0.9000E+01 -0.9000E+01
 -0.9000E+01 -0.9000E+01 -0.9000E+01 -0.9000E+01 -0.9000E+01
