  0.1835E+01  0.1827E+01  0.1819E+01  0.1811E+01  0.1799E+01  0.1784E+01
  0.1769E+01  0.1754E+01  0.1731E+01  0.1688E+01  0.1619E+01  0.1525E+01
  0.1417E+01  0.1309E+01  0.1209E+01  0.1124E+01  0.1058E+01  0.1006E+01
  0.9589E+00  0.9114E+00  0.8606E+00  0.8081E+00  0.7551E+00  0.7042E+00
  0.6573E+00  0.6155E+00  0.5795E+00  0.5483E+00  0.5213E+00  0.4986E+00
  0.4797E+00  0.4639E+00  0.4509E+00  0.4399E+00  0.4310E+00  0.4236E+00
  0.4173E+00  0.4120E+00  0.4073E+00  0.4032E+00  0.3995E+00  0.3951E+00
  0.3909E+00  0.3869E+00  0.3829E+00  0.3791E+00  0.3754E+00  0.3714E+00
  0.3671E+00  0.3627E+00  0.3584E+00  0.3540E+00  0.3504E+00  0.3462E+00
  0.3417E+00  0.3372E+00  0.3326E+00  0.3281E+00  0.3235E+00  0.3190E+00
  0.3145E+00
  0.1829E+01  0.1821E+01  0.1811E+01  0.1799E+01  0.1785E+01  0.1768E+01
  0.1750E+01  0.1728E+01  0.1690E+01  0.1624E+01  0.1532E+01  0.1421E+01
  0.1308E+01  0.1204E+01  0.1117E+01  0.1048E+01  0.9932E+00  0.9429E+00
  0.8889E+00  0.8298E+00  0.7680E+00  0.7081E+00  0.6520E+00  0.6027E+00
  0.5612E+00  0.5268E+00  0.5011E+00  0.4780E+00  0.4593E+00  0.4443E+00
  0.4322E+00  0.4223E+00  0.4142E+00  0.4074E+00  0.4018E+00  0.3970E+00
  0.3927E+00  0.3886E+00  0.3847E+00  0.3809E+00  0.3773E+00  0.3729E+00
  0.3685E+00  0.3641E+00  0.3597E+00  0.3554E+00  0.3511E+00  0.3468E+00
  0.3421E+00  0.3374E+00  0.3327E+00  0.3281E+00  0.3240E+00  0.3192E+00
  0.3145E+00  0.3101E+00  0.3057E+00  0.3015E+00  0.2974E+00  0.2933E+00
  0.2893E+00
  0.1824E+01  0.1812E+01  0.1799E+01  0.1785E+01  0.1767E+01  0.1747E+01
  0.1724E+01  0.1689E+01  0.1628E+01  0.1538E+01  0.1427E+01  0.1309E+01
  0.1200E+01  0.1108E+01  0.1035E+01  0.9786E+00  0.9230E+00  0.8587E+00
  0.7859E+00  0.7113E+00  0.6424E+00  0.5827E+00  0.5336E+00  0.4954E+00
  0.4672E+00  0.4454E+00  0.4293E+00  0.4162E+00  0.4056E+00  0.3968E+00
  0.3896E+00  0.3836E+00  0.3783E+00  0.3735E+00  0.3692E+00  0.3652E+00
  0.3614E+00  0.3575E+00  0.3538E+00  0.3501E+00  0.3466E+00  0.3427E+00
  0.3387E+00  0.3346E+00  0.3306E+00  0.3268E+00  0.3231E+00  0.3194E+00
  0.3156E+00  0.3117E+00  0.3077E+00  0.3038E+00  0.3002E+00  0.2966E+00
  0.2929E+00  0.2893E+00  0.2859E+00  0.2825E+00  0.2793E+00  0.2761E+00
  0.2730E+00
  0.1818E+01  0.1802E+01  0.1784E+01  0.1767E+01  0.1746E+01  0.1720E+01
  0.1686E+01  0.1631E+01  0.1544E+01  0.1432E+01  0.1311E+01  0.1196E+01
  0.1098E+01  0.1022E+01  0.9580E+00  0.8964E+00  0.8140E+00  0.7208E+00
  0.6319E+00  0.5564E+00  0.4976E+00  0.4547E+00  0.4233E+00  0.4001E+00
  0.3844E+00  0.3725E+00  0.3638E+00  0.3576E+00  0.3529E+00  0.3490E+00
  0.3454E+00  0.3421E+00  0.3387E+00  0.3354E+00  0.3322E+00  0.3293E+00
  0.3266E+00  0.3240E+00  0.3216E+00  0.3194E+00  0.3173E+00  0.3150E+00
  0.3126E+00  0.3100E+00  0.3075E+00  0.3051E+00  0.3028E+00  0.3005E+00
  0.2981E+00  0.2955E+00  0.2928E+00  0.2900E+00  0.2873E+00  0.2847E+00
  0.2821E+00  0.2795E+00  0.2769E+00  0.2744E+00  0.2718E+00  0.2694E+00
  0.2670E+00
  0.1804E+01  0.1785E+01  0.1766E+01  0.1746E+01  0.1718E+01  0.1682E+01
  0.1631E+01  0.1549E+01  0.1438E+01  0.1314E+01  0.1194E+01  0.1089E+01
  0.1002E+01  0.9324E+00  0.8583E+00  0.7387E+00  0.6103E+00  0.5086E+00
  0.4364E+00  0.3889E+00  0.3587E+00  0.3406E+00  0.3280E+00  0.3195E+00
  0.3154E+00  0.3102E+00  0.3071E+00  0.3067E+00  0.3076E+00  0.3084E+00
  0.3087E+00  0.3083E+00  0.3073E+00  0.3060E+00  0.3048E+00  0.3037E+00
  0.3030E+00  0.3023E+00  0.3018E+00  0.3014E+00  0.3010E+00  0.3004E+00
  0.2995E+00  0.2984E+00  0.2972E+00  0.2960E+00  0.2947E+00  0.2933E+00
  0.2919E+00  0.2902E+00  0.2883E+00  0.2862E+00  0.2840E+00  0.2819E+00
  0.2798E+00  0.2777E+00  0.2756E+00  0.2734E+00  0.2713E+00  0.2692E+00
  0.2672E+00
  0.1786E+01  0.1765E+01  0.1745E+01  0.1719E+01  0.1678E+01  0.1627E+01
  0.1552E+01  0.1445E+01  0.1317E+01  0.1193E+01  0.1081E+01  0.9871E+00
  0.9101E+00  0.7791E+00  0.6754E+00  0.2931E+00  0.2873E+00  0.2859E+00
  0.2839E+00  0.2810E+00  0.2783E+00  0.2764E+00  0.2739E+00  0.2745E+00
  0.2782E+00  0.2780E+00  0.2804E+00  0.2835E+00  0.2868E+00  0.2897E+00
  0.2918E+00  0.2930E+00  0.2936E+00  0.2938E+00  0.2938E+00  0.2941E+00
  0.2944E+00  0.2950E+00  0.2955E+00  0.2960E+00  0.2965E+00  0.2967E+00
  0.2965E+00  0.2960E+00  0.2953E+00  0.2945E+00  0.2936E+00  0.2926E+00
  0.2915E+00  0.2901E+00  0.2885E+00  0.2867E+00  0.2847E+00  0.2827E+00
  0.2808E+00  0.2788E+00  0.2770E+00  0.2751E+00  0.2732E+00  0.2714E+00
  0.2697E+00
  0.1768E+01  0.1745E+01  0.1721E+01  0.1678E+01  0.1619E+01  0.1552E+01
  0.1453E+01  0.1325E+01  0.1191E+01  0.1073E+01  0.9693E+00  0.8807E+00
  0.8031E+00  0.2810E+00  0.2772E+00 -0.9000E+01  0.1529E-01  0.1618E+00
  0.1990E+00  0.2189E+00  0.2291E+00  0.2335E+00  0.2345E+00  0.2387E+00
  0.2484E+00  0.2568E+00  0.2633E+00  0.2662E+00  0.2694E+00  0.2727E+00
  0.2758E+00  0.2786E+00  0.2809E+00  0.2827E+00  0.2843E+00  0.2858E+00
  0.2873E+00  0.2888E+00  0.2902E+00  0.2915E+00  0.2927E+00  0.2935E+00
  0.2939E+00  0.2940E+00  0.2938E+00  0.2934E+00  0.2929E+00  0.2922E+00
  0.2914E+00  0.2903E+00  0.2889E+00  0.2873E+00  0.2856E+00  0.2838E+00
  0.2820E+00  0.2804E+00  0.2788E+00  0.2772E+00  0.2756E+00  0.2739E+00
  0.2722E+00
  0.1749E+01  0.1723E+01  0.1686E+01  0.1615E+01  0.1543E+01  0.1461E+01
  0.1336E+01  0.1192E+01  0.1056E+01  0.9384E+00  0.8390E+00  0.7538E+00
  0.6611E+00 -0.9000E+01 -0.9000E+01 -0.9000E+01 -0.9000E+01 -0.9000E+01
 -0.9000E+01  0.3462E-01  0.1521E+00  0.1823E+00  0.1863E+00  0.1895E+00
  0.2075E+00  0.2262E+00  0.2242E+00  0.2256E+00  0.2278E+00  0.2340E+00
  0.2407E+00  0.2475E+00  0.2536E+00  0.2584E+00  0.2626E+00  0.2663E+00
  0.2697E+00  0.2728E+00  0.2758E+00  0.2785E+00  0.2809E+00  0.2830E+00
  0.2845E+00  0.2856E+00  0.2865E+00  0.2870E+00  0.2873E+00  0.2873E+00
  0.2872E+00  0.2867E+00  0.2860E+00  0.2852E+00  0.2841E+00  0.2830E+00
  0.2818E+00  0.2807E+00  0.2795E+00  0.2782E+00  0.2767E+00  0.2751E+00
  0.2734E+00
  0.1730E+01  0.1698E+01  0.1628E+01  0.1531E+01  0.1470E+01  0.1351E+01
  0.1185E+01  0.1026E+01  0.8786E+00  0.7583E+00  0.6793E+00  0.5940E+00
  0.3870E+00 -0.9000E+01 -0.9000E+01 -0.9000E+01 -0.9000E+01 -0.9000E+01
 -0.9000E+01 -0.9000E+01 -0.9000E+01 -0.9000E+01  0.3917E-01  0.1505E+00
  0.2039E+00  0.1990E+00  0.1761E+00 -0.9000E+01  0.1224E+00  0.1572E+00
  0.1670E+00  0.1777E+00  0.1904E+00  0.1975E+00  0.2069E+00  0.2152E+00
  0.2289E+00  0.2407E+00  0.2492E+00  0.2551E+00  0.2595E+00  0.2631E+00
  0.2659E+00  0.2683E+00  0.2704E+00  0.2722E+00  0.2736E+00  0.2747E+00
  0.2756E+00  0.2763E+00  0.2770E+00  0.2775E+00  0.2777E+00  0.2777E+00
  0.2774E+00  0.2769E+00  0.2762E+00  0.2753E+00  0.2742E+00  0.2730E+00
  0.2717E+00
  0.1712E+01  0.1669E+01  0.1539E+01  0.1481E+01  0.1447E+01  0.1131E+01
  0.9152E+00  0.7650E+00  0.6184E+00  0.5355E+00  0.4688E+00  0.3365E+00
 -0.9000E+01 -0.9000E+01 -0.9000E+01 -0.9000E+01 -0.9000E+01 -0.9000E+01
 -0.9000E+01 -0.9000E+01 -0.9000E+01  0.2906E-02  0.1142E+00  0.1752E+00
  0.2192E+00  0.1414E+00 -0.9000E+01 -0.9000E+01 -0.9000E+01 -0.9000E+01
 -0.9000E+01 -0.9000E+01 -0.9000E+01  0.4862E-01  0.1339E+00  0.1486E+00
  0.1653E+00  0.1806E+00  0.1938E+00  0.2066E+00  0.2218E+00  0.2337E+00
  0.2411E+00  0.2458E+00  0.2495E+00  0.2523E+00  0.2546E+00  0.2568E+00
  0.2591E+00  0.2614E+00  0.2634E+00  0.2651E+00  0.2664E+00  0.2673E+00
  0.2679E+00  0.2685E+00  0.2691E+00  0.2699E+00  0.2709E+00  0.2722E+00
  0.2740E+00
  0.1692E+01  0.1633E+01  0.1493E+01  0.1589E+01  0.1471E+01  0.3126E+00
  0.3048E+00  0.2977E+00  0.3000E+00  0.4178E+00 -0.9000E+01 -0.9000E+01
 -0.9000E+01 -0.9000E+01 -0.9000E+01 -0.9000E+01 -0.9000E+01 -0.9000E+01
 -0.9000E+01  0.3681E-02  0.9847E-01  0.1521E+00  0.2044E+00  0.2493E+00
  0.2261E+00 -0.9000E+01 -0.9000E+01 -0.9000E+01 -0.9000E+01 -0.9000E+01
 -0.9000E+01 -0.9000E+01 -0.9000E+01 -0.9000E+01 -0.9000E+01 -0.9000E+01
 -0.9000E+01 -0.9000E+01  0.6933E-01  0.1261E+00  0.1487E+00  0.1732E+00
  0.1869E+00  0.1949E+00  0.2240E+00  0.1776E+00  0.1863E+00  0.2042E+00
  0.2263E+00  0.2412E+00  0.2501E+00  0.2559E+00  0.2601E+00  0.2636E+00
  0.2667E+00  0.2701E+00  0.2738E+00  0.2777E+00  0.2737E+00  0.2776E+00
  0.2716E+00
  0.1645E+01  0.1570E+01  0.1639E+01  0.2098E+01  0.2612E+01 -0.9000E+01
 -0.9000E+01 -0.9000E+01  0.4129E-01  0.5608E+00  0.6696E+00  0.6954E+00
  0.6872E+00  0.6311E+00  0.5570E+00  0.5257E+00  0.3861E+00  0.4334E+00
 -0.9000E+01  0.7259E-02  0.1969E+00  0.2750E+00  0.3165E+00  0.3380E+00
  0.8025E-01 -0.9000E+01 -0.9000E+01 -0.9000E+01 -0.9000E+01 -0.9000E+01
 -0.9000E+01 -0.9000E+01 -0.9000E+01  0.3542E-02  0.6231E-01  0.8743E-01
 -0.9000E+01 -0.9000E+01 -0.9000E+01  0.1020E+00  0.1210E+00  0.1560E+00
  0.1823E+00  0.2000E+00  0.2313E+00  0.2040E+00  0.1986E+00  0.1967E+00
  0.2148E+00  0.2371E+00  0.2545E+00  0.2661E+00  0.2739E+00  0.2794E+00
  0.2839E+00  0.2888E+00  0.2927E+00  0.2954E+00  0.2994E+00  0.3109E+00
  0.2783E+00
  0.1596E+01  0.1511E+01  0.1454E+01  0.2376E+01 -0.9000E+01 -0.9000E+01
  0.4500E-01  0.6432E+00  0.8064E+00  0.8517E+00  0.8238E+00  0.7496E+00
  0.6919E+00  0.6286E+00  0.5793E+00  0.5399E+00  0.5126E+00  0.4853E+00
  0.4629E+00  0.4443E+00  0.4263E+00  0.4111E+00  0.3961E+00  0.3823E+00
 -0.9000E+01 -0.9000E+01 -0.9000E+01 -0.9000E+01 -0.9000E+01 -0.9000E+01
 -0.9000E+01  0.3529E-02  0.9286E-01  0.1354E+00  0.1625E+00  0.1801E+00
  0.1892E+00 -0.9000E+01  0.7542E-01  0.1221E+00  0.1593E+00  0.1927E+00
  0.2215E+00  0.2412E+00  0.2733E+00  0.2541E+00  0.2450E+00  0.2413E+00
  0.2405E+00  0.2518E+00  0.2667E+00  0.2790E+00  0.2880E+00  0.2939E+00
  0.2982E+00  0.2918E+00  0.2872E+00  0.2824E+00  0.2737E+00  0.2818E+00
  0.2027E+00
  0.1546E+01  0.1471E+01  0.1417E+01  0.1578E+01  0.1394E+01  0.1200E+01
  0.1121E+01  0.1042E+01  0.9596E+00  0.8840E+00  0.8035E+00  0.7288E+00
  0.6631E+00  0.6086E+00  0.5637E+00  0.5256E+00  0.4928E+00  0.4646E+00
  0.4408E+00  0.4202E+00  0.4023E+00  0.3866E+00  0.3725E+00  0.3603E+00
  0.3362E+00  0.3176E+00  0.2985E+00  0.2873E+00  0.2808E+00  0.2763E+00
  0.2723E+00  0.2684E+00  0.2645E+00  0.2605E+00  0.2567E+00  0.2530E+00
  0.2495E+00  0.2464E+00  0.2440E+00  0.2439E+00  0.2516E+00  0.2599E+00
  0.2756E+00  0.2866E+00  0.3100E+00  0.2864E+00  0.2657E+00  0.2594E+00
  0.2524E+00  0.2532E+00  0.2602E+00  0.2645E+00  0.2730E+00  0.2737E+00
  0.2677E+00  0.1726E+00  0.1818E+00  0.1851E+00  0.2018E+00  0.3713E+00
 -0.9000E+01
  0.1494E+01  0.1439E+01  0.1389E+01  0.1425E+01  0.1306E+01  0.1193E+01
  0.1084E+01  0.9817E+00  0.8881E+00  0.8042E+00  0.7210E+00  0.6492E+00
  0.5900E+00  0.5421E+00  0.5024E+00  0.4691E+00  0.4412E+00  0.4178E+00
  0.3979E+00  0.3805E+00  0.3649E+00  0.3511E+00  0.3386E+00  0.3278E+00
  0.3163E+00  0.3065E+00  0.2975E+00  0.2890E+00  0.2813E+00  0.2741E+00
  0.2675E+00  0.2613E+00  0.2556E+00  0.2503E+00  0.2455E+00  0.2412E+00
  0.2374E+00  0.2343E+00  0.2319E+00  0.2307E+00  0.2389E+00  0.2454E+00
  0.2610E+00  0.2744E+00  0.2966E+00  0.2747E+00  0.2492E+00  0.2410E+00
  0.2339E+00  0.2282E+00  0.2321E+00  0.2357E+00  0.2460E+00  0.2552E+00
  0.1926E+00 -0.9000E+01 -0.9000E+01 -0.9000E+01 -0.9000E+01 -0.9000E+01
 -0.9000E+01
  0.1440E+01  0.1381E+01  0.1329E+01  0.1313E+01  0.1228E+01  0.1133E+01
  0.1018E+01  0.9058E+00  0.8033E+00  0.7169E+00  0.6394E+00  0.5774E+00
  0.5292E+00  0.4910E+00  0.4589E+00  0.4322E+00  0.4095E+00  0.3899E+00
  0.3724E+00  0.3566E+00  0.3423E+00  0.3294E+00  0.3173E+00  0.3066E+00
  0.2957E+00  0.2858E+00  0.2771E+00  0.2691E+00  0.2619E+00  0.2552E+00
  0.2490E+00  0.2433E+00  0.2381E+00  0.2333E+00  0.2288E+00  0.2248E+00
  0.2213E+00  0.2183E+00  0.2158E+00  0.2150E+00  0.2220E+00  0.2275E+00
  0.2436E+00  0.2588E+00  0.2806E+00  0.2615E+00  0.2325E+00  0.2155E+00
  0.2148E+00  0.2060E+00  0.2112E+00  0.2047E+00  0.1573E+00  0.2626E+00
 -0.9000E+01 -0.9000E+01 -0.9000E+01 -0.9000E+01 -0.9000E+01 -0.9000E+01
 -0.9000E+01
  0.1385E+01  0.1317E+01  0.1253E+01  0.1201E+01  0.1115E+01  0.1025E+01
  0.9168E+00  0.8087E+00  0.7119E+00  0.6341E+00  0.5687E+00  0.5183E+00
  0.4798E+00  0.4487E+00  0.4232E+00  0.4019E+00  0.3834E+00  0.3671E+00
  0.3526E+00  0.3395E+00  0.3277E+00  0.3170E+00  0.3069E+00  0.2979E+00
  0.2888E+00  0.2800E+00  0.2720E+00  0.2646E+00  0.2577E+00  0.2512E+00
  0.2450E+00  0.2393E+00  0.2339E+00  0.2288E+00  0.2240E+00  0.2195E+00
  0.2154E+00  0.2117E+00  0.2083E+00  0.2074E+00  0.2121E+00  0.2163E+00
  0.2310E+00  0.2452E+00  0.2611E+00  0.2434E+00  0.2190E+00  0.2000E+00
  0.2020E+00  0.1899E+00  0.1883E+00  0.1585E+00 -0.9000E+01 -0.9000E+01
 -0.9000E+01 -0.9000E+01 -0.9000E+01 -0.9000E+01 -0.9000E+01 -0.9000E+01
 -0.9000E+01
  0.1314E+01  0.1236E+01  0.1162E+01  0.1084E+01  0.9879E+00  0.9024E+00
  0.8040E+00  0.7069E+00  0.6230E+00  0.5583E+00  0.5055E+00  0.4651E+00
  0.4335E+00  0.4082E+00  0.3873E+00  0.3695E+00  0.3543E+00  0.3410E+00
  0.3294E+00  0.3192E+00  0.3102E+00  0.3022E+00  0.2947E+00  0.2881E+00
  0.2817E+00  0.2753E+00  0.2692E+00  0.2636E+00  0.2582E+00  0.2529E+00
  0.2478E+00  0.2428E+00  0.2379E+00  0.2331E+00  0.2284E+00  0.2238E+00
  0.2193E+00  0.2150E+00  0.2112E+00  0.2099E+00  0.2113E+00  0.2131E+00
  0.2235E+00  0.2323E+00  0.2456E+00  0.2412E+00  0.2240E+00  0.1972E+00
  0.1959E+00  0.1856E+00  0.1410E+00 -0.9000E+01 -0.9000E+01 -0.9000E+01
 -0.9000E+01 -0.9000E+01 -0.9000E+01 -0.9000E+01 -0.9000E+01 -0.9000E+01
 -0.9000E+01
  0.1212E+01  0.1130E+01  0.1049E+01  0.9555E+00  0.8509E+00  0.7689E+00
  0.6853E+00  0.6077E+00  0.5436E+00  0.4951E+00  0.4548E+00  0.4219E+00
  0.3958E+00  0.3745E+00  0.3565E+00  0.3412E+00  0.3281E+00  0.3168E+00
  0.3069E+00  0.2982E+00  0.2907E+00  0.2841E+00  0.2779E+00  0.2728E+00
  0.2680E+00  0.2632E+00  0.2589E+00  0.2549E+00  0.2511E+00  0.2476E+00
  0.2441E+00  0.2406E+00  0.2371E+00  0.2336E+00  0.2301E+00  0.2265E+00
  0.2230E+00  0.2194E+00  0.2160E+00  0.2148E+00  0.2154E+00  0.2170E+00
  0.2248E+00  0.2328E+00  0.2457E+00  0.2491E+00  0.2380E+00  0.2112E+00
  0.2021E+00  0.1935E+00 -0.9000E+01 -0.9000E+01 -0.9000E+01 -0.9000E+01
 -0.9000E+01 -0.9000E+01 -0.9000E+01 -0.9000E+01 -0.9000E+01 -0.9000E+01
 -0.9000E+01
  0.1102E+01  0.1014E+01  0.9246E+00  0.8185E+00  0.7095E+00  0.6378E+00
  0.5759E+00  0.5231E+00  0.4802E+00  0.4469E+00  0.4166E+00  0.3902E+00
  0.3679E+00  0.3498E+00  0.3342E+00  0.3211E+00  0.3097E+00  0.2997E+00
  0.2909E+00  0.2830E+00  0.2758E+00  0.2694E+00  0.2632E+00  0.2578E+00
  0.2529E+00  0.2482E+00  0.2439E+00  0.2400E+00  0.2366E+00  0.2336E+00
  0.2309E+00  0.2284E+00  0.2262E+00  0.2242E+00  0.2224E+00  0.2202E+00
  0.2180E+00  0.2160E+00  0.2151E+00  0.2162E+00  0.2176E+00  0.2197E+00
  0.2271E+00  0.2351E+00  0.2490E+00  0.2582E+00  0.2533E+00  0.2315E+00
  0.2178E+00  0.2101E+00 -0.9000E+01 -0.9000E+01 -0.9000E+01 -0.9000E+01
 -0.9000E+01 -0.9000E+01 -0.9000E+01 -0.9000E+01 -0.9000E+01 -0.9000E+01
 -0.9000E+01
  0.9788E+00  0.8857E+00  0.7877E+00  0.6753E+00  0.5715E+00  0.5202E+00
  0.4864E+00  0.4590E+00  0.4334E+00  0.4113E+00  0.3888E+00  0.3675E+00
  0.3484E+00  0.3329E+00  0.3194E+00  0.3076E+00  0.2975E+00  0.2886E+00
  0.2807E+00  0.2735E+00  0.2670E+00  0.2609E+00  0.2549E+00  0.2494E+00
  0.2442E+00  0.2390E+00  0.2340E+00  0.2294E+00  0.2253E+00  0.2215E+00
  0.2183E+00  0.2156E+00  0.2135E+00  0.2119E+00  0.2104E+00  0.2088E+00
  0.2075E+00  0.2068E+00  0.2073E+00  0.2097E+00  0.2125E+00  0.2164E+00
  0.2244E+00  0.2333E+00  0.2478E+00  0.2629E+00  0.2636E+00  0.2498E+00
  0.2329E+00  0.2258E+00 -0.9000E+01 -0.9000E+01 -0.9000E+01 -0.9000E+01
 -0.9000E+01 -0.9000E+01 -0.9000E+01 -0.9000E+01 -0.9000E+01 -0.9000E+01
 -0.9000E+01
  0.8385E+00  0.7420E+00  0.6420E+00  0.5360E+00  0.4519E+00  0.4301E+00
  0.4235E+00  0.4148E+00  0.4008E+00  0.3862E+00  0.3700E+00  0.3528E+00
  0.3366E+00  0.3228E+00  0.3108E+00  0.3000E+00  0.2905E+00  0.2823E+00
  0.2750E+00  0.2685E+00  0.2627E+00  0.2574E+00  0.2523E+00  0.2476E+00
  0.2430E+00  0.2383E+00  0.2337E+00  0.2291E+00  0.2246E+00  0.2204E+00
  0.2165E+00  0.2129E+00  0.2096E+00  0.2065E+00  0.2038E+00  0.2020E+00
  0.2008E+00  0.2000E+00  0.2005E+00  0.2027E+00  0.2052E+00  0.2091E+00
  0.2166E+00  0.2263E+00  0.2373E+00  0.2568E+00  0.2656E+00  0.2708E+00
 -0.9000E+01 -0.9000E+01 -0.9000E+01 -0.9000E+01 -0.9000E+01 -0.9000E+01
 -0.9000E+01 -0.9000E+01 -0.9000E+01 -0.9000E+01 -0.9000E+01 -0.9000E+01
 -0.9000E+01
  0.6688E+00  0.5811E+00  0.4998E+00  0.4211E+00  0.3695E+00  0.3747E+00
  0.3844E+00  0.3867E+00  0.3799E+00  0.3701E+00  0.3590E+00  0.3453E+00
  0.3312E+00  0.3191E+00  0.3081E+00  0.2982E+00  0.2894E+00  0.2815E+00
  0.2745E+00  0.2685E+00  0.2631E+00  0.2582E+00  0.2537E+00  0.2498E+00
  0.2463E+00  0.2426E+00  0.2389E+00  0.2353E+00  0.2316E+00  0.2278E+00
  0.2240E+00  0.2202E+00  0.2160E+00  0.2115E+00  0.2080E+00  0.2048E+00
  0.2022E+00  0.2002E+00  0.1995E+00  0.2003E+00  0.2011E+00  0.2034E+00
  0.2094E+00  0.2174E+00  0.2250E+00  0.2535E+00  0.3429E+00 -0.9000E+01
 -0.9000E+01 -0.9000E+01 -0.9000E+01 -0.9000E+01 -0.9000E+01 -0.9000E+01
 -0.9000E+01 -0.9000E+01 -0.9000E+01 -0.9000E+01 -0.9000E+01 -0.9000E+01
 -0.9000E+01
  0.4381E+00  0.4168E+00  0.3959E+00  0.3573E+00  0.3322E+00  0.3473E+00
  0.3630E+00  0.3712E+00  0.3688E+00  0.3618E+00  0.3543E+00  0.3435E+00
  0.3311E+00  0.3204E+00  0.3105E+00  0.3012E+00  0.2929E+00  0.2854E+00
  0.2785E+00  0.2726E+00  0.2674E+00  0.2625E+00  0.2580E+00  0.2541E+00
  0.2509E+00  0.2477E+00  0.2447E+00  0.2419E+00  0.2391E+00  0.2360E+00
  0.2325E+00  0.2273E+00  0.2229E+00  0.2186E+00  0.2146E+00  0.2111E+00
  0.2077E+00  0.2048E+00  0.2031E+00  0.2025E+00  0.2019E+00  0.2028E+00
  0.2075E+00  0.2154E+00  0.2486E+00 -0.9000E+01 -0.9000E+01 -0.9000E+01
 -0.9000E+01 -0.9000E+01 -0.9000E+01 -0.9000E+01 -0.9000E+01 -0.9000E+01
 -0.9000E+01 -0.9000E+01 -0.9000E+01 -0.9000E+01 -0.9000E+01 -0.9000E+01
 -0.9000E+01
  0.3289E+00  0.3562E+00  0.3649E+00  0.3404E+00  0.3227E+00  0.3371E+00
  0.3531E+00  0.3638E+00  0.3640E+00  0.3585E+00  0.3529E+00  0.3448E+00
  0.3337E+00  0.3239E+00  0.3150E+00  0.3062E+00  0.2982E+00  0.2910E+00
  0.2842E+00  0.2782E+00  0.2729E+00  0.2681E+00  0.2634E+00  0.2593E+00
  0.2558E+00  0.2522E+00  0.2487E+00  0.2452E+00  0.2398E+00  0.2350E+00
  0.2306E+00  0.2280E+00  0.2262E+00  0.2241E+00  0.2213E+00  0.2182E+00
  0.2149E+00  0.2119E+00  0.2101E+00  0.2093E+00  0.2081E+00  0.2084E+00
  0.2138E+00 -0.9000E+01 -0.9000E+01 -0.9000E+01 -0.9000E+01 -0.9000E+01
 -0.9000E+01 -0.9000E+01 -0.9000E+01 -0.9000E+01 -0.9000E+01 -0.9000E+01
 -0.9000E+01 -0.9000E+01 -0.9000E+01 -0.9000E+01 -0.9000E+01 -0.9000E+01
 -0.9000E+01
  0.3320E+00  0.3580E+00  0.3623E+00  0.3363E+00  0.3201E+00  0.3318E+00
  0.3466E+00  0.3585E+00  0.3608E+00  0.3564E+00  0.3518E+00  0.3459E+00
  0.3364E+00  0.3270E+00  0.3190E+00  0.3108E+00  0.3030E+00  0.2961E+00
  0.2897E+00  0.2836E+00  0.2781E+00  0.2732E+00  0.2686E+00  0.2605E+00
  0.2528E+00  0.2431E+00  0.2369E+00  0.2343E+00  0.2344E+00  0.2346E+00
  0.2332E+00  0.2306E+00  0.2284E+00  0.2272E+00  0.2263E+00  0.2252E+00
  0.2233E+00  0.2210E+00  0.2191E+00  0.2176E+00  0.2156E+00 -0.9000E+01
 -0.9000E+01 -0.9000E+01 -0.9000E+01 -0.9000E+01 -0.9000E+01 -0.9000E+01
 -0.9000E+01 -0.9000E+01 -0.9000E+01 -0.9000E+01 -0.9000E+01 -0.9000E+01
 -0.9000E+01 -0.9000E+01 -0.9000E+01 -0.9000E+01 -0.9000E+01 -0.9000E+01
 -0.9000E+01
  0.3349E+00  0.3548E+00  0.3517E+00  0.3213E+00  0.3032E+00  0.3100E+00
  0.3278E+00  0.3433E+00  0.3509E+00  0.3500E+00  0.3473E+00  0.3435E+00
  0.3363E+00  0.3278E+00  0.3203E+00  0.3130E+00  0.3052E+00  0.2979E+00
  0.2876E+00  0.2774E+00  0.2659E+00  0.2562E+00  0.2500E+00  0.2487E+00
  0.2524E+00  0.2556E+00  0.2398E+00  0.1842E+00  0.1706E+00  0.1787E+00
  0.2051E+00 -0.9000E+01 -0.9000E+01  0.9173E-01  0.1197E+00  0.1408E+00
  0.1583E+00  0.1721E+00  0.1759E+00 -0.9000E+01 -0.9000E+01 -0.9000E+01
 -0.9000E+01 -0.9000E+01 -0.9000E+01 -0.9000E+01 -0.9000E+01 -0.9000E+01
 -0.9000E+01 -0.9000E+01 -0.9000E+01 -0.9000E+01 -0.9000E+01 -0.9000E+01
 -0.9000E+01 -0.9000E+01 -0.9000E+01 -0.9000E+01 -0.9000E+01 -0.9000E+01
 -0.9000E+01
  0.3372E+00  0.3568E+00  0.3505E+00  0.3200E+00  0.3026E+00  0.3067E+00
  0.3122E+00  0.3182E+00  0.3233E+00  0.3264E+00  0.3273E+00  0.3261E+00
  0.3203E+00  0.3114E+00  0.3034E+00  0.2969E+00  0.2906E+00  0.2845E+00
  0.2815E+00  0.2812E+00  0.2744E+00  0.2624E+00  0.2550E+00  0.2452E+00
 -0.9000E+01 -0.9000E+01 -0.9000E+01 -0.9000E+01 -0.9000E+01 -0.9000E+01
 -0.9000E+01 -0.9000E+01 -0.9000E+01 -0.9000E+01 -0.9000E+01 -0.9000E+01
 -0.9000E+01 -0.9000E+01 -0.9000E+01 -0.9000E+01 -0.9000E+01 -0.9000E+01
 -0.9000E+01 -0.9000E+01 -0.9000E+01 -0.9000E+01 -0.9000E+01 -0.9000E+01
 -0.9000E+01 -0.9000E+01 -0.9000E+01 -0.9000E+01 -0.9000E+01 -0.9000E+01
 -0.9000E+01 -0.9000E+01 -0.9000E+01 -0.9000E+01 -0.9000E+01 -0.9000E+01
 -0.9000E+01
  0.3293E+00  0.3661E+00 -0.9000E+01 -0.9000E+01  0.2684E-01  0.2124E+00
  0.2559E+00  0.2636E+00  0.2704E+00  0.2817E+00  0.2838E+00  0.2812E+00
  0.2882E+00  0.2892E+00  0.2842E+00  0.2787E+00  0.2734E+00  0.2684E+00
  0.2652E+00  0.2677E+00  0.2850E+00 -0.9000E+01 -0.9000E+01 -0.9000E+01
 -0.9000E+01 -0.9000E+01 -0.9000E+01 -0.9000E+01 -0.9000E+01 -0.9000E+01
 -0.9000E+01 -0.9000E+01 -0.9000E+01 -0.9000E+01 -0.9000E+01 -0.9000E+01
 -0.9000E+01 -0.9000E+01 -0.9000E+01 -0.9000E+01 -0.9000E+01 -0.9000E+01
 -0.9000E+01 -0.9000E+01 -0.9000E+01 -0.9000E+01 -0.9000E+01 -0.9000E+01
 -0.9000E+01 -0.9000E+01 -0.9000E+01 -0.9000E+01 -0.9000E+01 -0.9000E+01
 -0.9000E+01 -0.9000E+01 -0.9000E+01 -0.9000E+01 -0.9000E+01 -0.9000E+01
 -0.9000E+01
 -0.9000E+01 -0.9000E+01 -0.9000E+01 -0.9000E+01 -0.9000E+01 -0.9000E+01
 -0.9000E+01 -0.9000E+01 -0.9000E+01 -0.9000E+01 -0.9000E+01 -0.9000E+01
 -0.9000E+01 -0.9000E+01 -0.9000E+01 -0.9000E+01 -0.9000E+01 -0.9000E+01
 -0.9000E+01 -0.9000E+01 -0.9000E+01 -0.9000E+01 -0.9000E+01 -0.9000E+01
 -0.9000E+01 -0.9000E+01 -0.9000E+01 -0.9000E+01 -0.9000E+01 -0.9000E+01
 -0.9000E+01 -0.9000E+01 -0.9000E+01 -0.9000E+01 -0.9000E+01 -0.9000E+01
 -0.9000E+01 -0.9000E+01 -0.9000E+01 -0.9000E+01 -0.9000E+01 -0.9000E+01
 -0.9000E+01 -0.9000E+01 -0.9000E+01 -0.9000E+01 -0.9000E+01 -0.9000E+01
 -0.9000E+01 -0.9000E+01 -0.9000E+01 -0.9000E+01 -0.9000E+01 -0.9000E+01
 -0.9000E+01 -0.9000E+01 -0.9000E+01 -0.9000E+01 -0.9000E+01 -0.9000E+01
 -0.9000E+01
 -0.9000E+01 -0.9000E+01 -0.9000E+01 -0.9000E+01 -0.9000E+01 -0.9000E+01
 -0.9000E+01 -0.9000E+01 -0.9000E+01 -0.9000E+01 -0.9000E+01 -0.9000E+01
 -0.9000E+01 -0.9000E+01 -0.9000E+01 -0.9000E+01 -0.9000E+01 -0.9000E+01
 -0.9000E+01 -0.9000E+01 -0.9000E+01 -0.9000E+01 -0.9000E+01 -0.9000E+01
 -0.9000E+01 -0.9000E+01 -0.9000E+01 -0.9000E+01 -0.9000E+01 -0.9000E+01
 -0.9000E+01 -0.9000E+01 -0.9000E+01 -0.9000E+01 -0.9000E+01 -0.9000E+01
 -0.9000E+01 -0.9000E+01 -0.9000E+01 -0.9000E+01 -0.9000E+01 -0.9000E+01
 -0.9000E+01 -0.9000E+01 -0.9000E+01 -0.9000E+01 -0.9000E+01 -0.9000E+01
 -0.9000E+01 -0.9000E+01 -0.9000E+01 -0.9000E+01 -0.9000E+01 -0.9000E+01
 -0.9000E+01 -0.9000E+01 -0.9000E+01 -0.9000E+01 -0.9000E+01 -0.9000E+01
 -0.9000E+01
