  0.6724E+00  0.6652E+00  0.6578E+00  0.6503E+00  0.6428E+00  0.6353E+00
  0.6276E+00  0.6201E+00  0.6127E+00  0.6056E+00  0.5988E+00  0.5923E+00
  0.5861E+00  0.5800E+00  0.5742E+00  0.5684E+00  0.5627E+00  0.5580E+00
  0.5538E+00  0.5489E+00  0.5439E+00  0.5389E+00  0.5340E+00  0.5258E+00
  0.5184E+00 -0.9000E+01 -0.9000E+01 -0.9000E+01 -0.9000E+01 -0.9000E+01
 -0.9000E+01
  0.6597E+00  0.6524E+00  0.6449E+00  0.6373E+00  0.6297E+00  0.6221E+00
  0.6146E+00  0.6073E+00  0.6003E+00  0.5936E+00  0.5873E+00  0.5812E+00
  0.5752E+00  0.5694E+00  0.5637E+00  0.5579E+00  0.5522E+00  0.5465E+00
  0.5408E+00  0.5351E+00  0.5296E+00  0.5243E+00  0.5192E+00  0.5129E+00
  0.5013E+00 -0.9000E+01 -0.9000E+01 -0.9000E+01 -0.9000E+01 -0.9000E+01
 -0.9000E+01
  0.6468E+00  0.6393E+00  0.6317E+00  0.6240E+00  0.6164E+00  0.6089E+00
  0.6017E+00  0.5949E+00  0.5884E+00  0.5821E+00  0.5761E+00  0.5702E+00
  0.5643E+00  0.5585E+00  0.5526E+00  0.5467E+00  0.5408E+00  0.5350E+00
  0.5291E+00  0.5231E+00  0.5175E+00  0.5124E+00  0.5072E+00  0.4992E+00
  0.4913E+00 -0.9000E+01 -0.9000E+01 -0.9000E+01 -0.9000E+01 -0.9000E+01
 -0.9000E+01
  0.6337E+00  0.6261E+00  0.6184E+00  0.6107E+00  0.6032E+00  0.5961E+00
  0.5894E+00  0.5830E+00  0.5768E+00  0.5708E+00  0.5648E+00  0.5588E+00
  0.5527E+00  0.5467E+00  0.5406E+00  0.5345E+00  0.5285E+00  0.5226E+00
  0.5169E+00  0.5112E+00  0.5061E+00  0.5013E+00  0.4950E+00  0.4851E+00
  0.4582E+00 -0.9000E+01 -0.9000E+01 -0.9000E+01 -0.9000E+01 -0.9000E+01
 -0.9000E+01
  0.6203E+00  0.6126E+00  0.6050E+00  0.5975E+00  0.5905E+00  0.5839E+00
  0.5775E+00  0.5713E+00  0.5651E+00  0.5590E+00  0.5527E+00  0.5465E+00
  0.5402E+00  0.5339E+00  0.5277E+00  0.5217E+00  0.5157E+00  0.5098E+00
  0.5042E+00  0.4989E+00  0.4945E+00  0.4875E+00  0.4757E+00  0.4578E+00
  0.4191E+00 -0.9000E+01 -0.9000E+01 -0.9000E+01 -0.9000E+01 -0.9000E+01
 -0.9000E+01
  0.6065E+00  0.5990E+00  0.5917E+00  0.5847E+00  0.5782E+00  0.5718E+00
  0.5655E+00  0.5591E+00  0.5527E+00  0.5462E+00  0.5397E+00  0.5332E+00
  0.5268E+00  0.5205E+00  0.5144E+00  0.5085E+00  0.5028E+00  0.4972E+00
  0.4918E+00  0.4866E+00  0.4771E+00  0.4601E+00  0.4373E+00  0.4124E+00
  0.1820E+00 -0.9000E+01 -0.9000E+01 -0.9000E+01 -0.9000E+01 -0.9000E+01
 -0.9000E+01
  0.5924E+00  0.5854E+00  0.5786E+00  0.5720E+00  0.5655E+00  0.5590E+00
  0.5523E+00  0.5456E+00  0.5389E+00  0.5322E+00  0.5257E+00  0.5192E+00
  0.5130E+00  0.5070E+00  0.5012E+00  0.4956E+00  0.4902E+00  0.4847E+00
  0.4795E+00  0.4739E+00  0.4293E+00  0.3900E+00  0.3684E+00  0.3481E+00
 -0.9000E+01 -0.9000E+01 -0.9000E+01 -0.9000E+01 -0.9000E+01 -0.9000E+01
 -0.9000E+01
  0.5781E+00  0.5716E+00  0.5650E+00  0.5583E+00  0.5515E+00  0.5447E+00
  0.5378E+00  0.5310E+00  0.5242E+00  0.5177E+00  0.5113E+00  0.5052E+00
  0.4994E+00  0.4937E+00  0.4883E+00  0.4829E+00  0.4777E+00  0.4723E+00
  0.4671E+00  0.4599E+00  0.1944E+00  0.1744E+00  0.1431E+00  0.1597E+00
 -0.9000E+01 -0.9000E+01 -0.9000E+01 -0.9000E+01 -0.9000E+01 -0.9000E+01
 -0.9000E+01
  0.5630E+00  0.5564E+00  0.5497E+00  0.5429E+00  0.5360E+00  0.5291E+00
  0.5223E+00  0.5156E+00  0.5091E+00  0.5030E+00  0.4971E+00  0.4914E+00
  0.4860E+00  0.4806E+00  0.4754E+00  0.4702E+00  0.4649E+00  0.4595E+00
  0.4541E+00  0.4440E+00 -0.9000E+01 -0.9000E+01 -0.9000E+01 -0.9000E+01
 -0.9000E+01 -0.9000E+01 -0.9000E+01 -0.9000E+01 -0.9000E+01 -0.9000E+01
 -0.9000E+01
  0.5477E+00  0.5409E+00  0.5340E+00  0.5270E+00  0.5200E+00  0.5132E+00
  0.5065E+00  0.5002E+00  0.4943E+00  0.4886E+00  0.4831E+00  0.4778E+00
  0.4725E+00  0.4673E+00  0.4620E+00  0.4567E+00  0.4513E+00  0.4458E+00
  0.4404E+00  0.4323E+00 -0.9000E+01 -0.9000E+01 -0.9000E+01 -0.9000E+01
 -0.9000E+01 -0.9000E+01 -0.9000E+01 -0.9000E+01 -0.9000E+01 -0.9000E+01
 -0.9000E+01
  0.5320E+00  0.5250E+00  0.5179E+00  0.5109E+00  0.5040E+00  0.4975E+00
  0.4913E+00  0.4855E+00  0.4800E+00  0.4746E+00  0.4693E+00  0.4639E+00
  0.4586E+00  0.4532E+00  0.4478E+00  0.4423E+00  0.4367E+00  0.4313E+00
  0.4259E+00  0.4186E+00 -0.9000E+01 -0.9000E+01 -0.9000E+01 -0.9000E+01
 -0.9000E+01 -0.9000E+01 -0.9000E+01 -0.9000E+01 -0.9000E+01 -0.9000E+01
 -0.9000E+01
  0.5156E+00  0.5086E+00  0.5016E+00  0.4948E+00  0.4884E+00  0.4825E+00
  0.4768E+00  0.4713E+00  0.4659E+00  0.4604E+00  0.4549E+00  0.4494E+00
  0.4437E+00  0.4381E+00  0.4324E+00  0.4268E+00  0.4212E+00  0.4158E+00
  0.4105E+00  0.3812E+00 -0.9000E+01 -0.9000E+01 -0.9000E+01 -0.9000E+01
 -0.9000E+01 -0.9000E+01 -0.9000E+01 -0.9000E+01 -0.9000E+01 -0.9000E+01
 -0.9000E+01
  0.4988E+00  0.4920E+00  0.4854E+00  0.4793E+00  0.4734E+00  0.4678E+00
  0.4622E+00  0.4566E+00  0.4509E+00  0.4451E+00  0.4392E+00  0.4333E+00
  0.4274E+00  0.4215E+00  0.4158E+00  0.4103E+00  0.4049E+00  0.3997E+00
  0.3945E+00  0.1899E+00 -0.9000E+01 -0.9000E+01 -0.9000E+01 -0.9000E+01
 -0.9000E+01 -0.9000E+01 -0.9000E+01 -0.9000E+01 -0.9000E+01 -0.9000E+01
 -0.9000E+01
  0.4814E+00  0.4754E+00  0.4695E+00  0.4636E+00  0.4578E+00  0.4519E+00
  0.4460E+00  0.4399E+00  0.4338E+00  0.4276E+00  0.4213E+00  0.4152E+00
  0.4092E+00  0.4034E+00  0.3979E+00  0.3925E+00  0.3873E+00  0.3824E+00
  0.3768E+00 -0.9000E+01 -0.9000E+01 -0.9000E+01 -0.9000E+01 -0.9000E+01
 -0.9000E+01 -0.9000E+01 -0.9000E+01 -0.9000E+01 -0.9000E+01 -0.9000E+01
 -0.9000E+01
  0.4636E+00  0.4578E+00  0.4518E+00  0.4458E+00  0.4397E+00  0.4335E+00
  0.4272E+00  0.4208E+00  0.4143E+00  0.4080E+00  0.4018E+00  0.3958E+00
  0.3901E+00  0.3847E+00  0.3795E+00  0.3746E+00  0.3699E+00  0.3651E+00
  0.3608E+00  0.2821E+00 -0.9000E+01 -0.9000E+01 -0.9000E+01 -0.9000E+01
 -0.9000E+01 -0.9000E+01 -0.9000E+01 -0.9000E+01 -0.9000E+01 -0.9000E+01
 -0.9000E+01
  0.4453E+00  0.4391E+00  0.4329E+00  0.4265E+00  0.4200E+00  0.4135E+00
  0.4069E+00  0.4003E+00  0.3939E+00  0.3878E+00  0.3820E+00  0.3765E+00
  0.3714E+00  0.3665E+00  0.3620E+00  0.3576E+00  0.3534E+00  0.3493E+00
  0.3450E+00  0.3362E+00 -0.9000E+01 -0.9000E+01 -0.9000E+01 -0.9000E+01
 -0.9000E+01 -0.9000E+01 -0.9000E+01 -0.9000E+01 -0.9000E+01 -0.9000E+01
 -0.9000E+01
  0.4260E+00  0.4196E+00  0.4131E+00  0.4063E+00  0.3995E+00  0.3927E+00
  0.3861E+00  0.3798E+00  0.3738E+00  0.3683E+00  0.3632E+00  0.3585E+00
  0.3540E+00  0.3498E+00  0.3458E+00  0.3419E+00  0.3382E+00  0.3345E+00
  0.3309E+00  0.3276E+00 -0.9000E+01 -0.9000E+01 -0.9000E+01 -0.9000E+01
 -0.9000E+01 -0.9000E+01 -0.9000E+01 -0.9000E+01 -0.9000E+01 -0.9000E+01
 -0.9000E+01
  0.4060E+00  0.3993E+00  0.3924E+00  0.3854E+00  0.3785E+00  0.3719E+00
  0.3658E+00  0.3603E+00  0.3552E+00  0.3506E+00  0.3463E+00  0.3422E+00
  0.3384E+00  0.3346E+00  0.3310E+00  0.3274E+00  0.3239E+00  0.3205E+00
  0.3167E+00  0.3113E+00 -0.9000E+01 -0.9000E+01 -0.9000E+01 -0.9000E+01
 -0.9000E+01 -0.9000E+01 -0.9000E+01 -0.9000E+01 -0.9000E+01 -0.9000E+01
 -0.9000E+01
  0.3848E+00  0.3780E+00  0.3710E+00  0.3642E+00  0.3579E+00  0.3524E+00
  0.3474E+00  0.3430E+00  0.3388E+00  0.3349E+00  0.3312E+00  0.3274E+00
  0.3238E+00  0.3202E+00  0.3166E+00  0.3130E+00  0.3095E+00  0.3061E+00
  0.3026E+00  0.2878E+00 -0.9000E+01 -0.9000E+01 -0.9000E+01 -0.9000E+01
 -0.9000E+01 -0.9000E+01 -0.9000E+01 -0.9000E+01 -0.9000E+01 -0.9000E+01
 -0.9000E+01
  0.3625E+00  0.3561E+00  0.3499E+00  0.3444E+00  0.3397E+00  0.3354E+00
  0.3315E+00  0.3276E+00  0.3239E+00  0.3201E+00  0.3163E+00  0.3125E+00
  0.3087E+00  0.3049E+00  0.3012E+00  0.2975E+00  0.2940E+00  0.2905E+00
  0.2868E+00  0.2160E+00 -0.9000E+01 -0.9000E+01 -0.9000E+01 -0.9000E+01
 -0.9000E+01 -0.9000E+01 -0.9000E+01 -0.9000E+01 -0.9000E+01 -0.9000E+01
 -0.9000E+01
  0.3386E+00  0.3350E+00  0.3313E+00  0.3275E+00  0.3238E+00  0.3199E+00
  0.3160E+00  0.3121E+00  0.3081E+00  0.3040E+00  0.3000E+00  0.2960E+00
  0.2920E+00  0.2881E+00  0.2844E+00  0.2807E+00  0.2772E+00  0.2739E+00
  0.2701E+00 -0.9000E+01 -0.9000E+01 -0.9000E+01 -0.9000E+01 -0.9000E+01
 -0.9000E+01 -0.9000E+01 -0.9000E+01 -0.9000E+01 -0.9000E+01 -0.9000E+01
 -0.9000E+01
  0.3234E+00  0.3195E+00  0.3155E+00  0.3114E+00  0.3074E+00  0.3033E+00
  0.2991E+00  0.2948E+00  0.2906E+00  0.2863E+00  0.2822E+00  0.2781E+00
  0.2742E+00  0.2705E+00  0.2670E+00  0.2636E+00  0.2605E+00  0.2570E+00
  0.2521E+00 -0.9000E+01 -0.9000E+01 -0.9000E+01 -0.9000E+01 -0.9000E+01
 -0.9000E+01 -0.9000E+01 -0.9000E+01 -0.9000E+01 -0.9000E+01 -0.9000E+01
 -0.9000E+01
  0.3075E+00  0.3033E+00  0.2990E+00  0.2947E+00  0.2903E+00  0.2858E+00
  0.2813E+00  0.2768E+00  0.2724E+00  0.2682E+00  0.2641E+00  0.2603E+00
  0.2567E+00  0.2534E+00  0.2503E+00  0.2474E+00  0.2443E+00  0.2418E+00
 -0.9000E+01 -0.9000E+01 -0.9000E+01 -0.9000E+01 -0.9000E+01 -0.9000E+01
 -0.9000E+01 -0.9000E+01 -0.9000E+01 -0.9000E+01 -0.9000E+01 -0.9000E+01
 -0.9000E+01
  0.2907E+00  0.2862E+00  0.2817E+00  0.2770E+00  0.2722E+00  0.2675E+00
  0.2628E+00  0.2583E+00  0.2541E+00  0.2502E+00  0.2466E+00  0.2433E+00
  0.2402E+00  0.2375E+00  0.2349E+00  0.2326E+00  0.2302E+00  0.2275E+00
 -0.9000E+01 -0.9000E+01 -0.9000E+01 -0.9000E+01 -0.9000E+01 -0.9000E+01
 -0.9000E+01 -0.9000E+01 -0.9000E+01 -0.9000E+01 -0.9000E+01 -0.9000E+01
 -0.9000E+01
  0.2729E+00  0.2682E+00  0.2633E+00  0.2583E+00  0.2534E+00  0.2487E+00
  0.2444E+00  0.2404E+00  0.2369E+00  0.2337E+00  0.2308E+00  0.2282E+00
  0.2258E+00  0.2237E+00  0.2217E+00  0.2199E+00  0.2175E+00  0.2055E+00
 -0.9000E+01 -0.9000E+01 -0.9000E+01 -0.9000E+01 -0.9000E+01 -0.9000E+01
 -0.9000E+01 -0.9000E+01 -0.9000E+01 -0.9000E+01 -0.9000E+01 -0.9000E+01
 -0.9000E+01
  0.2538E+00  0.2491E+00  0.2441E+00  0.2393E+00  0.2350E+00  0.2312E+00
  0.2279E+00  0.2251E+00  0.2226E+00  0.2204E+00  0.2185E+00  0.2167E+00
  0.2151E+00  0.2136E+00  0.2123E+00  0.2108E+00  0.2090E+00 -0.9000E+01
 -0.9000E+01 -0.9000E+01 -0.9000E+01 -0.9000E+01 -0.9000E+01 -0.9000E+01
 -0.9000E+01 -0.9000E+01 -0.9000E+01 -0.9000E+01 -0.9000E+01 -0.9000E+01
 -0.9000E+01
  0.2331E+00  0.2298E+00  0.2264E+00  0.2234E+00  0.2209E+00  0.2188E+00
  0.2171E+00  0.2156E+00  0.2142E+00  0.2130E+00  0.2119E+00  0.2109E+00
  0.2100E+00  0.2091E+00  0.2078E+00  0.2062E+00  0.2252E+00 -0.9000E+01
 -0.9000E+01 -0.9000E+01 -0.9000E+01 -0.9000E+01 -0.9000E+01 -0.9000E+01
 -0.9000E+01 -0.9000E+01 -0.9000E+01 -0.9000E+01 -0.9000E+01 -0.9000E+01
 -0.9000E+01
  0.2149E+00  0.2146E+00  0.2144E+00  0.2141E+00  0.2137E+00  0.2132E+00
  0.2127E+00  0.2122E+00  0.2116E+00  0.2110E+00  0.2104E+00  0.2098E+00
  0.2087E+00  0.2067E+00  0.2050E+00  0.2007E+00 -0.9000E+01 -0.9000E+01
 -0.9000E+01 -0.9000E+01 -0.9000E+01 -0.9000E+01 -0.9000E+01 -0.9000E+01
 -0.9000E+01 -0.9000E+01 -0.9000E+01 -0.9000E+01 -0.9000E+01 -0.9000E+01
 -0.9000E+01
  0.2042E+00  0.2051E+00  0.2062E+00  0.2070E+00  0.2077E+00  0.2081E+00
  0.2083E+00  0.2085E+00  0.2084E+00  0.2084E+00  0.2082E+00  0.2069E+00
  0.2058E+00  0.2074E+00  0.2055E+00 -0.9000E+01 -0.9000E+01 -0.9000E+01
 -0.9000E+01 -0.9000E+01 -0.9000E+01 -0.9000E+01 -0.9000E+01 -0.9000E+01
 -0.9000E+01 -0.9000E+01 -0.9000E+01 -0.9000E+01 -0.9000E+01 -0.9000E+01
 -0.9000E+01
  0.1930E+00  0.1942E+00  0.1954E+00  0.1966E+00  0.1978E+00  0.1988E+00
  0.1996E+00  0.2003E+00  0.2009E+00  0.2014E+00  0.2003E+00  0.2001E+00
  0.2017E+00  0.2039E+00 -0.9000E+01 -0.9000E+01 -0.9000E+01 -0.9000E+01
 -0.9000E+01 -0.9000E+01 -0.9000E+01 -0.9000E+01 -0.9000E+01 -0.9000E+01
 -0.9000E+01 -0.9000E+01 -0.9000E+01 -0.9000E+01 -0.9000E+01 -0.9000E+01
 -0.9000E+01
  0.1811E+00  0.1824E+00  0.1837E+00  0.1850E+00  0.1863E+00  0.1876E+00
  0.1887E+00  0.1898E+00  0.1908E+00  0.1896E+00  0.1897E+00  0.1914E+00
  0.1924E+00 -0.9000E+01 -0.9000E+01 -0.9000E+01 -0.9000E+01 -0.9000E+01
 -0.9000E+01 -0.9000E+01 -0.9000E+01 -0.9000E+01 -0.9000E+01 -0.9000E+01
 -0.9000E+01 -0.9000E+01 -0.9000E+01 -0.9000E+01 -0.9000E+01 -0.9000E+01
 -0.9000E+01
  0.1683E+00  0.1697E+00  0.1712E+00  0.1726E+00  0.1740E+00  0.1753E+00
  0.1767E+00  0.1759E+00  0.1752E+00  0.1746E+00  0.1772E+00  0.1795E+00
 -0.9000E+01 -0.9000E+01 -0.9000E+01 -0.9000E+01 -0.9000E+01 -0.9000E+01
 -0.9000E+01 -0.9000E+01 -0.9000E+01 -0.9000E+01 -0.9000E+01 -0.9000E+01
 -0.9000E+01 -0.9000E+01 -0.9000E+01 -0.9000E+01 -0.9000E+01 -0.9000E+01
 -0.9000E+01
  0.1545E+00  0.1560E+00  0.1576E+00  0.1591E+00  0.1606E+00  0.1621E+00
  0.1623E+00  0.1640E+00  0.1665E+00  0.1666E+00  0.1656E+00  0.1935E+00
 -0.9000E+01 -0.9000E+01 -0.9000E+01 -0.9000E+01 -0.9000E+01 -0.9000E+01
 -0.9000E+01 -0.9000E+01 -0.9000E+01 -0.9000E+01 -0.9000E+01 -0.9000E+01
 -0.9000E+01 -0.9000E+01 -0.9000E+01 -0.9000E+01 -0.9000E+01 -0.9000E+01
 -0.9000E+01
  0.1393E+00  0.1410E+00  0.1427E+00  0.1444E+00  0.1461E+00  0.1468E+00
  0.1470E+00  0.1491E+00  0.1552E+00  0.1564E+00  0.1862E+00 -0.9000E+01
 -0.9000E+01 -0.9000E+01 -0.9000E+01 -0.9000E+01 -0.9000E+01 -0.9000E+01
 -0.9000E+01 -0.9000E+01 -0.9000E+01 -0.9000E+01 -0.9000E+01 -0.9000E+01
 -0.9000E+01 -0.9000E+01 -0.9000E+01 -0.9000E+01 -0.9000E+01 -0.9000E+01
 -0.9000E+01
  0.1307E+00  0.1320E+00  0.1330E+00  0.1341E+00  0.1352E+00  0.1347E+00
  0.1370E+00  0.1402E+00  0.1433E+00 -0.9000E+01 -0.9000E+01 -0.9000E+01
 -0.9000E+01 -0.9000E+01 -0.9000E+01 -0.9000E+01 -0.9000E+01 -0.9000E+01
 -0.9000E+01 -0.9000E+01 -0.9000E+01 -0.9000E+01 -0.9000E+01 -0.9000E+01
 -0.9000E+01 -0.9000E+01 -0.9000E+01 -0.9000E+01 -0.9000E+01 -0.9000E+01
 -0.9000E+01
  0.1251E+00  0.1263E+00  0.1273E+00  0.1281E+00  0.1260E+00  0.1258E+00
  0.1289E+00  0.1498E+00 -0.9000E+01 -0.9000E+01 -0.9000E+01 -0.9000E+01
 -0.9000E+01 -0.9000E+01 -0.9000E+01 -0.9000E+01 -0.9000E+01 -0.9000E+01
 -0.9000E+01 -0.9000E+01 -0.9000E+01 -0.9000E+01 -0.9000E+01 -0.9000E+01
 -0.9000E+01 -0.9000E+01 -0.9000E+01 -0.9000E+01 -0.9000E+01 -0.9000E+01
 -0.9000E+01
  0.1182E+00  0.1196E+00  0.1211E+00  0.1195E+00  0.1212E+00  0.1234E+00
 -0.9000E+01 -0.9000E+01 -0.9000E+01 -0.9000E+01 -0.9000E+01 -0.9000E+01
 -0.9000E+01 -0.9000E+01 -0.9000E+01 -0.9000E+01 -0.9000E+01 -0.9000E+01
 -0.9000E+01 -0.9000E+01 -0.9000E+01 -0.9000E+01 -0.9000E+01 -0.9000E+01
 -0.9000E+01 -0.9000E+01 -0.9000E+01 -0.9000E+01 -0.9000E+01 -0.9000E+01
 -0.9000E+01
  0.1092E+00  0.1111E+00  0.1097E+00  0.1111E+00  0.1152E+00 -0.9000E+01
 -0.9000E+01 -0.9000E+01 -0.9000E+01 -0.9000E+01 -0.9000E+01 -0.9000E+01
 -0.9000E+01 -0.9000E+01 -0.9000E+01 -0.9000E+01 -0.9000E+01 -0.9000E+01
 -0.9000E+01 -0.9000E+01 -0.9000E+01 -0.9000E+01 -0.9000E+01 -0.9000E+01
 -0.9000E+01 -0.9000E+01 -0.9000E+01 -0.9000E+01 -0.9000E+01 -0.9000E+01
 -0.9000E+01
  0.9698E-01  0.9777E-01  0.9798E-01  0.1004E+00 -0.9000E+01 -0.9000E+01
 -0.9000E+01 -0.9000E+01 -0.9000E+01 -0.9000E+01 -0.9000E+01 -0.9000E+01
 -0.9000E+01 -0.9000E+01 -0.9000E+01 -0.9000E+01 -0.9000E+01 -0.9000E+01
 -0.9000E+01 -0.9000E+01 -0.9000E+01 -0.9000E+01 -0.9000E+01 -0.9000E+01
 -0.9000E+01 -0.9000E+01 -0.9000E+01 -0.9000E+01 -0.9000E+01 -0.9000E+01
 -0.9000E+01
  0.7898E-01  0.1049E+00 -0.9000E+01 -0.9000E+01 -0.9000E+01 -0.9000E+01
 -0.9000E+01 -0.9000E+01 -0.9000E+01 -0.9000E+01 -0.9000E+01 -0.9000E+01
 -0.9000E+01 -0.9000E+01 -0.9000E+01 -0.9000E+01 -0.9000E+01 -0.9000E+01
 -0.9000E+01 -0.9000E+01 -0.9000E+01 -0.9000E+01 -0.9000E+01 -0.9000E+01
 -0.9000E+01 -0.9000E+01 -0.9000E+01 -0.9000E+01 -0.9000E+01 -0.9000E+01
 -0.9000E+01
 -0.9000E+01 -0.9000E+01 -0.9000E+01 -0.9000E+01 -0.9000E+01 -0.9000E+01
 -0.9000E+01 -0.9000E+01 -0.9000E+01 -0.9000E+01 -0.9000E+01 -0.9000E+01
 -0.9000E+01 -0.9000E+01 -0.9000E+01 -0.9000E+01 -0.9000E+01 -0.9000E+01
 -0.9000E+01 -0.9000E+01 -0.9000E+01 -0.9000E+01 -0.9000E+01 -0.9000E+01
 -0.9000E+01 -0.9000E+01 -0.9000E+01 -0.9000E+01 -0.9000E+01 -0.9000E+01
 -0.9000E+01
