SWAN 1
LONLAT
 1
	-121 32
RFREQ
 25 
	0.0500
	0.0550
	0.0600
	0.0650
	0.0700
	0.0750
	0.0800
	0.0850
	0.0900
	0.0950
	0.1010
	0.1100
	0.1200
	0.1300
	0.1400
	0.1500
	0.1600
	0.1700
	0.1800
	0.1900
	0.2000
	0.2100
	0.2200
	0.2300
	0.2400
QUANT
	3 
VaDens 
m2/Hz 
	-0.9900E+02 
CDIR 
degr 
	-0.9990E+03
DSPRDEGR 
degr 
	-0.9000E+01
LOCATION 1
0 -40 13.178
0 0 3.4377
0.076 46 5.7296
0.152 50 14.897
0.152 42 20.626
0.38 50 26.356
0.455 -46 1.1459
0.607 -48 0.57296
1.29 -56 4.5837
5.161 -50 0.57296
7.59 -46 4.0107
4.402 -42 4.0107
2.505 -42 5.1566
1.138 -42 7.4485
1.29 -38 6.8755
0.911 -34 8.5944
0.759 -26 6.3025
0.531 -32 8.0214
0.683 -34 12.605
0.455 -28 11.459
0.304 -24 8.0214
0.228 -12 17.762
0.304 -28 13.751
0.228 -10 14.897
0.076 -12 12.032
