SWAN 1
LONLAT
 1
	-121 32
RFREQ
 25 
	0.0500
	0.0550
	0.0600
	0.0650
	0.0700
	0.0750
	0.0800
	0.0850
	0.0900
	0.0950
	0.1010
	0.1100
	0.1200
	0.1300
	0.1400
	0.1500
	0.1600
	0.1700
	0.1800
	0.1900
	0.2000
	0.2100
	0.2200
	0.2300
	0.2400
QUANT
	3 
VaDens 
m2/Hz 
	-0.9900E+02 
CDIR 
degr 
	-0.9990E+03
DSPRDEGR 
degr 
	-0.9000E+01
LOCATION 1
0.14 -12 13.178
0.698 -6 11.459
1.581 -32 0.57296
1.349 -18 13.178
0.558 20 26.356
0.512 122 0.57296
0.512 -16 10.313
0.93 -48 5.1566
1.302 -46 3.4377
4.65 -48 1.1459
1.581 -46 4.5837
0.791 -50 7.4485
1.488 -46 2.8648
0.558 -50 6.8755
0.558 -46 11.459
0.465 -38 10.886
0.326 -36 12.032
0.279 -46 12.605
0.326 -32 12.605
0.279 -48 6.8755
0.093 -44 18.335
0.186 -46 12.032
0.093 -50 24.637
0.14 -48 6.3025
0.093 -44 20.626
